# Blender v2.79 (sub 0) OBJ File: 'chess.blend'
# www.blender.org
mtllib chess.mtl
o King_Circle.004
v 1.477023 0.278255 -0.194455
v -0.194454 0.278255 -1.477023
v -0.906913 0.278255 1.181913
v 1.181913 0.278255 0.906913
v 0.906913 0.278255 -1.181913
v -1.477023 0.278255 0.194455
v -1.181913 0.278255 -0.906913
v 0.194455 0.278255 1.477023
v -0.149900 1.002533 -1.138600
v -0.699116 1.002533 0.911107
v 0.911107 1.002533 0.699116
v 0.699116 1.002533 -0.911107
v -1.138599 1.002533 0.149900
v -0.911107 1.002533 -0.699116
v 0.149900 1.002533 1.138599
v 1.138599 1.002533 -0.149900
v 0.000000 0.000000 -0.000000
v 1.123796 1.396760 -0.147951
v -0.147951 1.396760 -1.123796
v -0.690027 1.396760 0.899261
v 0.899261 1.396760 0.690027
v 0.690027 1.396760 -0.899261
v -1.123796 1.396760 0.147951
v -0.899261 1.396760 -0.690027
v 0.147951 1.396760 1.123796
v 0.606058 1.663773 -0.789831
v -0.987042 1.663773 0.129947
v -0.789831 1.663772 -0.606058
v 0.129947 1.663773 0.987042
v 0.987042 1.663773 -0.129947
v -0.129947 1.663773 -0.987042
v -0.606058 1.663773 0.789831
v 0.789831 1.663773 0.606058
v -0.080480 3.875912 -0.611302
v -0.375348 3.875912 0.489164
v 0.489164 3.875912 0.375348
v 0.375348 3.875912 -0.489164
v -0.611302 3.875912 0.080480
v -0.489164 3.875912 -0.375348
v 0.080480 3.875912 0.611302
v 0.611302 3.875912 -0.080480
v -0.096211 2.322790 -0.730796
v -0.448719 2.322790 0.584782
v 0.584782 2.322790 0.448719
v 0.448719 2.322790 -0.584782
v -0.730796 2.322790 0.096211
v -0.584782 2.322790 -0.448719
v 0.096211 2.322790 0.730796
v 0.730796 2.322790 -0.096212
v -0.173152 0.701047 -1.315213
v -0.807559 0.701047 1.052433
v 1.052433 0.701047 0.807559
v 0.807559 0.701047 -1.052433
v -1.315213 0.701047 0.173152
v -1.052433 0.701047 -0.807559
v 0.173152 0.701047 1.315213
v 1.315213 0.701047 -0.173152
v 0.865063 4.840539 -0.113888
v -0.113888 4.840539 -0.865063
v -0.531161 4.840539 0.692223
v 0.692223 4.840539 0.531161
v 0.531161 4.840539 -0.692223
v -0.865063 4.840539 0.113888
v -0.692223 4.840539 -0.531161
v 0.113888 4.840539 0.865063
v -0.895282 4.972143 -0.686974
v 0.147297 4.972143 1.118824
v 1.118824 4.972143 -0.147297
v -0.147297 4.972143 -1.118824
v -0.686973 4.972143 0.895282
v 0.895282 4.972143 0.686973
v 0.686973 4.972143 -0.895282
v -1.118824 4.972143 0.147297
v 0.805984 5.062961 0.618453
v 0.618453 5.062961 -0.805984
v -1.007229 5.062961 0.132605
v -0.805984 5.062961 -0.618453
v 0.132605 5.062961 1.007229
v 1.007229 5.062961 -0.132605
v -0.132605 5.062961 -1.007229
v -0.618453 5.062961 0.805984
v -0.549932 5.174192 0.716686
v 0.716686 5.174192 0.549932
v 0.549932 5.174192 -0.716686
v -0.895634 5.174192 0.117913
v -0.716686 5.174192 -0.549932
v 0.117913 5.174192 0.895634
v 0.895634 5.174192 -0.117913
v -0.117913 5.174192 -0.895634
v 0.103038 5.285424 0.782651
v 0.782651 5.285424 -0.103039
v -0.103038 5.285424 -0.782651
v -0.480559 5.285424 0.626277
v 0.626277 5.285424 0.480559
v 0.480559 5.285424 -0.626277
v -0.782651 5.285424 0.103038
v -0.626277 5.285424 -0.480559
v 0.535868 5.429966 0.411186
v 0.411186 5.429966 -0.535868
v -0.669668 5.429966 0.088164
v -0.535868 5.429966 -0.411186
v 0.088164 5.429966 0.669668
v 0.669668 5.429966 -0.088164
v -0.088164 5.429966 -0.669668
v -0.411186 5.429966 0.535868
v 0.754631 5.574509 -0.099350
v -0.099349 5.574509 -0.754631
v -0.463354 5.574509 0.603855
v 0.603855 5.574509 0.463354
v 0.463354 5.574509 -0.603855
v -0.754631 5.574509 0.099349
v -0.603855 5.574509 -0.463354
v 0.099349 5.574509 0.754631
v 0.515522 5.615807 -0.671843
v -0.839594 5.615807 0.110535
v -0.671843 5.615807 -0.515522
v 0.110535 5.615807 0.839594
v 0.839594 5.615807 -0.110535
v -0.110535 5.615807 -0.839594
v -0.515522 5.615807 0.671843
v 0.671843 5.615807 0.515522
v -0.100441 5.657104 -0.762921
v -0.468444 5.657104 0.610489
v 0.610489 5.657104 0.468444
v 0.468444 5.657104 -0.610489
v -0.762921 5.657104 0.100441
v -0.610489 5.657104 -0.468444
v 0.100441 5.657104 0.762921
v 0.762921 5.657104 -0.100441
v -0.737662 6.099163 -0.566027
v 0.121364 6.099163 0.921847
v 0.921847 6.099163 -0.121364
v -0.121364 6.099163 -0.921848
v -0.566027 6.099163 0.737662
v 0.737662 6.099163 0.566027
v 0.566027 6.099163 -0.737662
v -0.921847 6.099163 0.121364
v 0.716316 6.583876 0.549648
v 0.549648 6.583876 -0.716316
v -0.895171 6.583876 0.117852
v -0.716316 6.583875 -0.549648
v 0.117852 6.583876 0.895171
v 0.895171 6.583876 -0.117852
v -0.117852 6.583876 -0.895171
v -0.549648 6.583876 0.716316
v 0.632896 6.726697 -0.083323
v -0.083323 6.726697 -0.632896
v -0.388607 6.726697 0.506443
v 0.506443 6.726697 0.388607
v 0.388607 6.726697 -0.506443
v -0.632896 6.726697 0.083323
v -0.506443 6.726697 -0.388607
v 0.083323 6.726697 0.632896
v 0.517507 6.826866 -0.068132
v -0.068131 6.826866 -0.517507
v -0.317757 6.826866 0.414109
v 0.414109 6.826866 0.317757
v 0.317757 6.826866 -0.414109
v -0.517507 6.826866 0.068131
v -0.414109 6.826866 -0.317757
v 0.068131 6.826866 0.517507
v 0.246906 6.875657 -0.321775
v -0.402119 6.875657 0.052940
v -0.321775 6.875657 -0.246907
v 0.052940 6.875657 0.402119
v 0.402119 6.875657 -0.052940
v -0.052940 6.875657 -0.402119
v -0.246906 6.875657 0.321775
v 0.321775 6.875657 0.246906
v -0.077825 7.094691 0.290446
v -0.121936 7.094691 -0.032673
v 0.077825 7.094691 -0.290446
v 0.121936 7.094691 0.032673
v -0.095516 8.022297 0.112597
v 0.006408 7.483035 0.463832
v -0.121936 7.483035 -0.032673
v -0.006408 7.483035 -0.463832
v 0.121936 7.483035 0.032673
v 0.115529 7.264935 -0.431159
v 0.069095 7.861172 -0.257866
v 0.121936 7.861172 0.032673
v -0.121936 7.861172 -0.032673
v 0.161962 7.483035 -0.604453
v -0.069095 7.861172 0.257866
v 0.237465 7.483035 -0.398487
v 0.115529 7.701134 -0.431159
v -0.161962 7.483035 0.604453
v -0.115529 7.264935 0.431159
v -0.115529 7.701134 0.431159
v -0.237465 7.483035 0.398487
v 0.026421 8.022297 0.145269
v 0.095516 8.022297 -0.112597
v -0.026421 8.022297 -0.145269
v 0.253523 6.924447 0.067931
v -0.089484 6.924447 0.333958
v -0.253523 6.924447 -0.067931
v 0.089484 6.924447 -0.333958
v -1.477023 0.000000 0.194455
v -0.906913 0.000000 1.181913
v 0.194455 0.000000 1.477023
v 1.181913 0.000000 0.906913
v 1.477023 0.000000 -0.194455
v 0.906913 0.000000 -1.181913
v -0.194454 0.000000 -1.477023
v -1.181913 0.000000 -0.906913
v -1.436570 0.523081 0.189129
v -0.882074 0.523081 1.149543
v 0.189129 0.523081 1.436570
v 1.149543 0.523081 0.882074
v 1.436570 0.523081 -0.189129
v 0.882074 0.523081 -1.149543
v -0.189129 0.523081 -1.436570
v -1.149543 0.523081 -0.882074
v 1.443518 0.278255 0.386788
v 1.294222 0.278255 -0.747221
v 0.386789 0.278255 -1.443518
v -0.747221 0.278255 -1.294223
v -1.294222 0.278255 0.747221
v -0.386789 0.278255 1.443518
v 0.747221 0.278255 1.294222
v -1.443518 0.278255 -0.386789
v -1.127497 1.179565 0.148439
v -0.692299 1.179565 0.902223
v 0.148439 1.179565 1.127497
v 0.902223 1.179565 0.692299
v 1.127497 1.179565 -0.148439
v 0.692299 1.179565 -0.902223
v -0.148438 1.179565 -1.127497
v -0.902222 1.179565 -0.692299
v 0.298166 1.002533 -1.112772
v -0.665361 0.701047 -1.152439
v -0.997683 1.002533 0.576013
v -0.344415 0.701047 1.285379
v 0.576013 1.002533 0.997683
v 1.285379 0.701047 0.344415
v 0.997683 1.002533 -0.576014
v -1.112772 1.002533 -0.298166
v -1.102747 1.602092 0.145180
v -0.677102 1.602092 0.882418
v 0.145180 1.602092 1.102747
v 0.882418 1.602092 0.677102
v 1.102747 1.602092 -0.145180
v 0.677102 1.602092 -0.882418
v -0.145180 1.602092 -1.102747
v -0.882417 1.602092 -0.677102
v 1.098304 1.396760 0.294289
v 0.984712 1.396760 -0.568525
v 0.294289 1.396760 -1.098304
v -0.568524 1.396760 -0.984712
v -0.984712 1.396760 0.568525
v -0.294289 1.396760 1.098304
v 0.568525 1.396760 0.984712
v -1.098304 1.396760 -0.294289
v -0.853572 1.807539 0.112375
v -0.524105 1.807539 0.683028
v 0.112375 1.807539 0.853572
v 0.683028 1.807539 0.524105
v 0.853572 1.807539 -0.112375
v 0.524105 1.807539 -0.683028
v -0.112375 1.807539 -0.853572
v -0.683028 1.807539 -0.524105
v 0.864883 1.663773 -0.499341
v 0.258477 1.663773 -0.964652
v -0.964652 1.663773 -0.258477
v -0.864883 1.663773 0.499341
v -0.499341 1.663773 -0.864883
v -0.258477 1.663773 0.964652
v 0.499341 1.663773 0.864883
v 0.964652 1.663773 0.258477
v -0.642152 4.692400 0.084541
v -0.394290 4.692400 0.513849
v 0.084541 4.692400 0.642152
v 0.513849 4.692400 0.394290
v 0.642152 4.692400 -0.084541
v 0.394290 4.692400 -0.513849
v -0.084541 4.692400 -0.642152
v -0.513849 4.692400 -0.394290
v 0.160082 3.875912 -0.597436
v -0.369707 2.322790 -0.640350
v -0.535646 3.875912 0.309256
v -0.191374 2.322790 0.714218
v 0.309256 3.875912 0.535646
v 0.714218 2.322790 0.191374
v 0.535646 3.875912 -0.309256
v -0.597436 3.875912 -0.160082
v 0.191374 2.322790 -0.714218
v -0.309256 3.875912 -0.535646
v -0.640350 2.322790 0.369707
v -0.160082 3.875912 0.597436
v 0.369707 2.322790 0.640350
v 0.597436 3.875912 0.160082
v 0.640350 2.322790 -0.369707
v -0.714218 2.322790 -0.191374
v -0.084413 3.025712 -0.641176
v -0.393691 3.025712 0.513068
v 0.513068 3.025712 0.393691
v 0.393691 3.025712 -0.513068
v -0.641176 3.025712 0.084413
v -0.513068 3.025712 -0.393691
v 0.084413 3.025712 0.641176
v 0.641176 3.025712 -0.084413
v 0.344415 0.701047 -1.285379
v -0.576013 1.002533 -0.997683
v -1.152439 0.701047 0.665362
v -0.298166 1.002533 1.112772
v 0.665362 0.701047 1.152439
v 1.112772 1.002533 0.298165
v 1.152438 0.701047 -0.665362
v -1.285379 0.701047 -0.344415
v -0.156687 0.848686 -1.190154
v -0.730771 0.848686 0.952361
v 0.952361 0.848686 0.730771
v 0.730771 0.848686 -0.952361
v -1.190154 0.848686 0.156688
v -0.952361 0.848686 -0.730772
v 0.156688 0.848686 1.190154
v 1.190154 0.848686 -0.156688
v -1.055384 4.893833 0.138945
v -0.648020 4.893833 0.844518
v 0.138945 4.893833 1.055384
v 0.844518 4.893833 0.648020
v 1.055384 4.893833 -0.138945
v 0.648020 4.893833 -0.844518
v -0.138944 4.893833 -1.055384
v -0.844518 4.893833 -0.648020
v 0.845440 4.840539 0.226534
v 0.758000 4.840539 -0.437633
v 0.226534 4.840539 -0.845440
v -0.437632 4.840539 -0.758001
v -0.758000 4.840539 0.437632
v -0.226534 4.840539 0.845440
v 0.437632 4.840539 0.758000
v -0.845440 4.840539 -0.226534
v -1.090925 5.040257 0.143624
v -0.669843 5.040257 0.872958
v 0.143624 5.040257 1.090925
v 0.872958 5.040257 0.669843
v 1.090925 5.040257 -0.143624
v 0.669843 5.040257 -0.872958
v -0.143624 5.040257 -1.090925
v -0.872958 5.040257 -0.669843
v -1.093445 4.972143 -0.292987
v -0.566009 4.972143 -0.980355
v -0.292987 4.972143 1.093445
v 0.566009 4.972143 0.980355
v 1.093445 4.972143 0.292987
v 0.980355 4.972143 -0.566009
v 0.292987 4.972143 -1.093445
v -0.980355 4.972143 0.566009
v -0.914342 5.081608 0.120376
v -0.561419 5.081608 0.731656
v 0.120376 5.081608 0.914342
v 0.731656 5.081608 0.561419
v 0.914342 5.081608 -0.120376
v 0.561419 5.081608 -0.731656
v -0.120376 5.081608 -0.914342
v -0.731656 5.081608 -0.561419
v 0.509553 5.062961 0.882571
v 0.984381 5.062961 0.263763
v 0.882571 5.062961 -0.509554
v 0.263763 5.062961 -0.984381
v -0.984381 5.062961 -0.263763
v -0.882571 5.062961 0.509553
v -0.509553 5.062961 -0.882572
v -0.263763 5.062961 0.984381
v -0.867388 5.257616 0.114194
v -0.532588 5.257616 0.694084
v 0.114194 5.257616 0.867388
v 0.694084 5.257616 0.532588
v 0.867388 5.257616 -0.114194
v 0.532588 5.257616 -0.694084
v -0.114194 5.257616 -0.867388
v -0.694084 5.257616 -0.532588
v -0.784788 5.174192 0.453098
v -0.234540 5.174192 0.875317
v 0.453098 5.174192 0.784788
v 0.875317 5.174192 0.234540
v 0.784788 5.174192 -0.453098
v 0.234540 5.174192 -0.875317
v -0.875317 5.174192 -0.234540
v -0.453098 5.174192 -0.784788
v -0.686726 5.307247 0.090410
v -0.421660 5.307247 0.549518
v 0.090410 5.307247 0.686726
v 0.549518 5.307247 0.421660
v 0.686726 5.307247 -0.090410
v 0.421660 5.307247 -0.549518
v -0.090410 5.307247 -0.686727
v -0.549518 5.307247 -0.421660
v -0.204953 5.285424 0.764897
v 0.395940 5.285424 0.685788
v 0.764897 5.285424 0.204953
v 0.685788 5.285424 -0.395941
v 0.204953 5.285424 -0.764898
v -0.395940 5.285424 -0.685788
v -0.685788 5.285424 0.395940
v -0.764897 5.285424 -0.204953
v -0.686994 5.545033 0.090445
v -0.421824 5.545033 0.549732
v 0.090445 5.545033 0.686994
v 0.549732 5.545033 0.421824
v 0.686994 5.545033 -0.090445
v 0.421824 5.545033 -0.549732
v -0.090445 5.545033 -0.686994
v -0.549732 5.545033 -0.421824
v 0.338783 5.429966 0.586788
v 0.654478 5.429966 0.175366
v 0.586788 5.429966 -0.338783
v 0.175366 5.429966 -0.654478
v -0.654478 5.429966 -0.175366
v -0.586788 5.429966 0.338783
v -0.338783 5.429966 -0.586788
v -0.175366 5.429966 0.654478
v -0.818353 5.584833 0.107739
v -0.502480 5.584833 0.654846
v 0.107739 5.584833 0.818353
v 0.654846 5.584833 0.502480
v 0.818353 5.584833 -0.107739
v 0.502480 5.584833 -0.654846
v -0.107739 5.584833 -0.818353
v -0.654846 5.584833 -0.502480
v 0.737513 5.574509 0.197615
v 0.661236 5.574509 -0.381765
v 0.197616 5.574509 -0.737513
v -0.381765 5.574509 -0.661236
v -0.661236 5.574509 0.381765
v -0.197616 5.574509 0.737513
v 0.381765 5.574509 0.661236
v -0.737513 5.574509 -0.197616
v -0.820426 5.646780 0.108012
v -0.503753 5.646780 0.656504
v 0.108012 5.646780 0.820426
v 0.656504 5.646780 0.503753
v 0.820426 5.646780 -0.108012
v 0.503753 5.646780 -0.656504
v -0.108012 5.646780 -0.820426
v -0.656504 5.646780 -0.503753
v 0.735683 5.615807 -0.424748
v 0.219865 5.615807 -0.820549
v -0.820549 5.615807 -0.219865
v -0.735683 5.615807 0.424747
v -0.424747 5.615807 -0.735683
v -0.219865 5.615807 0.820548
v 0.424748 5.615807 0.735683
v 0.820549 5.615807 0.219865
v -0.686248 5.657104 0.090347
v -0.421366 5.657104 0.549135
v 0.090347 5.657104 0.686248
v 0.549135 5.657104 0.421366
v 0.686248 5.657104 -0.090347
v 0.421366 5.657104 -0.549135
v -0.090347 5.657104 -0.686248
v -0.549135 5.657104 -0.421366
v 0.199786 5.657104 -0.745615
v -0.385959 5.657104 -0.668500
v -0.668500 5.657104 0.385959
v -0.199786 5.657104 0.745615
v 0.385959 5.657104 0.668500
v 0.745615 5.657104 0.199786
v 0.668500 5.657104 -0.385959
v -0.745615 5.657104 -0.199786
v -1.122303 6.513029 0.147755
v -0.689110 6.513029 0.898066
v 0.147755 6.513029 1.122303
v 0.898066 6.513029 0.689110
v 1.122303 6.513029 -0.147755
v 0.689110 6.513029 -0.898066
v -0.147755 6.513029 -1.122303
v -0.898066 6.513029 -0.689110
v -0.900936 6.099163 -0.241405
v -0.466359 6.099163 -0.807757
v -0.241405 6.099163 0.900936
v 0.466359 6.099163 0.807757
v 0.900936 6.099163 0.241405
v 0.807757 6.099163 -0.466360
v 0.241405 6.099163 -0.900936
v -0.807757 6.099163 0.466359
v -0.682779 6.637467 0.089890
v -0.419236 6.637467 0.546360
v 0.089890 6.637467 0.682779
v 0.546360 6.637467 0.419236
v 0.682779 6.637467 -0.089890
v 0.419236 6.637467 -0.546360
v -0.089890 6.637467 -0.682780
v -0.546360 6.637467 -0.419236
v 0.452864 6.583876 0.784382
v 0.874865 6.583876 0.234419
v 0.784382 6.583876 -0.452864
v 0.234419 6.583876 -0.874865
v -0.874865 6.583876 -0.234419
v -0.784383 6.583876 0.452864
v -0.452864 6.583876 -0.784383
v -0.234419 6.583876 0.874865
v -0.604049 6.801824 0.079525
v -0.370894 6.801824 0.483359
v 0.079525 6.801824 0.604048
v 0.483359 6.801824 0.370894
v 0.604048 6.801824 -0.079525
v 0.370894 6.801824 -0.483359
v -0.079525 6.801824 -0.604049
v -0.483359 6.801824 -0.370894
v 0.618539 6.726697 0.165737
v 0.554567 6.726697 -0.320180
v 0.165737 6.726697 -0.618539
v -0.320180 6.726697 -0.554567
v -0.554567 6.726697 0.320180
v -0.165737 6.726697 0.618539
v 0.320180 6.726697 0.554567
v -0.618539 6.726697 -0.165737
v -0.430966 6.839064 0.056738
v -0.264619 6.839064 0.344859
v 0.056738 6.839064 0.430966
v 0.344859 6.839064 0.264619
v 0.430966 6.839064 -0.056738
v 0.264619 6.839064 -0.344859
v -0.056738 6.839064 -0.430966
v -0.344859 6.839064 -0.264619
v 0.505768 6.826866 0.135520
v 0.453459 6.826866 -0.261805
v 0.135520 6.826866 -0.505768
v -0.261805 6.826866 -0.453459
v -0.453459 6.826866 0.261805
v -0.135520 6.826866 0.505768
v 0.261805 6.826866 0.453459
v -0.505768 6.826866 -0.135520
v -0.402119 6.924448 0.052940
v -0.246906 6.924448 0.321775
v 0.052940 6.924448 0.402119
v 0.321775 6.924448 0.246906
v 0.402119 6.924448 -0.052940
v 0.246906 6.924448 -0.321775
v -0.052940 6.924448 -0.402119
v -0.321775 6.924448 -0.246907
v 0.352351 6.875657 -0.203431
v 0.105303 6.875657 -0.392997
v -0.392997 6.875657 -0.105303
v -0.352351 6.875657 0.203430
v -0.203430 6.875657 -0.352351
v -0.105303 6.875657 0.392997
v 0.203430 6.875657 0.352351
v 0.392997 6.875657 0.105303
v -0.113207 7.958641 0.221660
v -0.153150 7.094691 0.197626
v -0.085104 6.967008 0.317614
v 0.052738 7.834603 0.289969
v -0.082726 7.958641 -0.135970
v -0.033819 7.094691 -0.247724
v -0.154833 6.967008 -0.041487
v 0.113207 7.958641 -0.221660
v 0.153150 7.094691 -0.197626
v 0.085104 6.967008 -0.317614
v 0.082726 7.958641 0.135970
v 0.154833 6.967008 0.041487
v -0.190657 7.834603 0.224752
v 0.033819 7.094691 0.247724
v -0.052738 7.834603 -0.289969
v 0.190657 7.834603 -0.224752
v -0.076125 7.243237 0.284105
v -0.121936 7.267938 -0.032673
v 0.076125 7.243237 -0.284105
v 0.121936 7.267938 0.032673
v 0.255177 7.483035 -0.547792
v 0.156135 7.673765 -0.582706
v 0.052906 7.483035 -0.601990
v 0.156135 7.292305 -0.582706
v 0.121936 7.697491 0.032673
v -0.121936 7.697491 -0.032673
v -0.069186 7.701448 0.258206
v 0.069186 7.701448 -0.258206
v 0.222163 7.292305 -0.402587
v 0.008894 7.673765 -0.459732
v 0.222163 7.673765 -0.402587
v 0.008894 7.292305 -0.459732
v 0.189609 7.483035 -0.219887
v -0.189609 7.483035 0.219887
v 0.054263 7.483035 0.285232
v -0.054263 7.483035 -0.285232
v -0.156135 7.292305 0.582706
v -0.156135 7.673765 0.582706
v -0.255837 7.483035 0.548343
v -0.052610 7.483035 0.602798
v -0.008894 7.292305 0.459732
v -0.008894 7.673765 0.459732
v -0.222163 7.292305 0.402587
v -0.222163 7.673765 0.402587
v -0.012789 7.958641 0.248567
v -0.139628 7.958641 0.076390
v 0.012789 7.958641 -0.248567
v 0.139628 7.958641 -0.076390
v -0.034547 8.053677 0.128933
v 0.034547 8.053677 -0.128933
v 0.060968 8.053677 0.016336
v -0.060968 8.053677 -0.016336
v 0.104731 6.924447 0.284444
v 0.232922 6.924447 -0.193971
v -0.232922 6.924447 0.193971
v -0.104731 6.924447 -0.284444
v -1.443518 0.000000 -0.386789
v -1.294222 0.000000 0.747221
v -0.386789 0.000000 1.443518
v 0.747221 0.000000 1.294222
v 1.443518 0.000000 0.386788
v 1.294222 0.000000 -0.747221
v 0.386789 0.000000 -1.443518
v -0.747221 0.000000 -1.294223
v -1.403983 0.523081 -0.376195
v -1.258776 0.523081 0.726756
v -0.376195 0.523081 1.403983
v 0.726756 0.523081 1.258776
v 1.403983 0.523081 0.376195
v 1.258776 0.523081 -0.726756
v 0.376195 0.523081 -1.403983
v -0.726756 0.523081 -1.258776
v -1.101921 1.179565 -0.295258
v -0.987955 1.179565 0.570397
v -0.295258 1.179565 1.101921
v 0.570397 1.179565 0.987955
v 1.101921 1.179565 0.295258
v 0.987955 1.179565 -0.570397
v 0.295258 1.179565 -1.101921
v -0.570397 1.179565 -0.987955
v -1.077732 1.602092 -0.288777
v -0.966268 1.602092 0.557876
v -0.288777 1.602092 1.077732
v 0.557876 1.602092 0.966268
v 1.077732 1.602092 0.288777
v 0.966268 1.602092 -0.557876
v 0.288777 1.602092 -1.077732
v -0.557876 1.602092 -0.966268
v -0.834209 1.807539 -0.223525
v -0.747931 1.807539 0.431819
v -0.223525 1.807539 0.834209
v 0.431819 1.807539 0.747931
v 0.834209 1.807539 0.223525
v 0.747931 1.807539 -0.431819
v 0.223525 1.807539 -0.834209
v -0.431819 1.807539 -0.747931
v -0.627585 4.692400 -0.168161
v -0.562677 4.692400 0.324862
v -0.168161 4.692400 0.627585
v 0.324862 4.692400 0.562677
v 0.627585 4.692400 0.168160
v 0.562677 4.692400 -0.324862
v 0.168161 4.692400 -0.627585
v -0.324862 4.692400 -0.562677
v 0.167905 3.025712 -0.626631
v -0.324368 3.025712 -0.561822
v -0.561822 3.025712 0.324369
v -0.167905 3.025712 0.626631
v 0.324369 3.025712 0.561822
v 0.626631 3.025712 0.167905
v 0.561822 3.025712 -0.324369
v -0.626631 3.025712 -0.167905
v 0.311666 0.848686 -1.163157
v -0.602095 0.848686 -1.042858
v -1.042858 0.848686 0.602095
v -0.311666 0.848686 1.163157
v 0.602095 0.848686 1.042858
v 1.163157 0.848686 0.311666
v 1.042858 0.848686 -0.602095
v -1.163157 0.848686 -0.311666
v -1.031444 4.893833 -0.276374
v -0.924766 4.893833 0.533915
v -0.276374 4.893833 1.031444
v 0.533915 4.893833 0.924767
v 1.031444 4.893833 0.276374
v 0.924766 4.893833 -0.533915
v 0.276374 4.893833 -1.031444
v -0.533915 4.893833 -0.924767
v -1.066179 5.040256 -0.285681
v -0.955909 5.040256 0.551895
v -0.285681 5.040256 1.066179
v 0.551895 5.040256 0.955909
v 1.066179 5.040256 0.285681
v 0.955909 5.040256 -0.551895
v 0.285681 5.040256 -1.066179
v -0.551895 5.040256 -0.955909
v -0.893602 5.081608 -0.239439
v -0.801181 5.081608 0.462563
v -0.239439 5.081608 0.893601
v 0.462563 5.081608 0.801181
v 0.893602 5.081608 0.239439
v 0.801181 5.081608 -0.462563
v 0.239439 5.081608 -0.893602
v -0.462563 5.081608 -0.801181
v -0.847712 5.257616 -0.227143
v -0.760038 5.257616 0.438809
v -0.227143 5.257616 0.847712
v 0.438809 5.257616 0.760038
v 0.847712 5.257616 0.227143
v 0.760038 5.257616 -0.438809
v 0.227143 5.257616 -0.847712
v -0.438809 5.257616 -0.760038
v -0.671149 5.307247 -0.179833
v -0.601735 5.307247 0.347412
v -0.179833 5.307247 0.671149
v 0.347413 5.307247 0.601735
v 0.671149 5.307247 0.179833
v 0.601735 5.307247 -0.347413
v 0.179833 5.307247 -0.671149
v -0.347412 5.307247 -0.601735
v -0.671410 5.545033 -0.179903
v -0.601970 5.545033 0.347548
v -0.179903 5.545033 0.671410
v 0.347548 5.545033 0.601970
v 0.671410 5.545033 0.179903
v 0.601970 5.545033 -0.347548
v 0.179903 5.545033 -0.671410
v -0.347548 5.545033 -0.601970
v -0.799790 5.584833 -0.214302
v -0.717071 5.584833 0.414002
v -0.214302 5.584833 0.799790
v 0.414002 5.584833 0.717071
v 0.799790 5.584833 0.214302
v 0.717071 5.584833 -0.414002
v 0.214303 5.584833 -0.799790
v -0.414002 5.584833 -0.717072
v -0.801815 5.646780 -0.214845
v -0.718887 5.646780 0.415050
v -0.214845 5.646780 0.801815
v 0.415050 5.646780 0.718887
v 0.801815 5.646780 0.214845
v 0.718887 5.646780 -0.415051
v 0.214845 5.646780 -0.801815
v -0.415050 5.646780 -0.718887
v -0.670681 5.657104 -0.179708
v -0.601316 5.657104 0.347170
v -0.179708 5.657104 0.670681
v 0.347170 5.657104 0.601316
v 0.670681 5.657104 0.179708
v 0.601316 5.657104 -0.347171
v 0.179708 5.657104 -0.670681
v -0.347170 5.657104 -0.601316
v -1.096845 6.513029 -0.293898
v -0.983404 6.513029 0.567769
v -0.293898 6.513029 1.096845
v 0.567769 6.513029 0.983404
v 1.096845 6.513029 0.293898
v 0.983404 6.513029 -0.567769
v 0.293898 6.513029 -1.096845
v -0.567769 6.513029 -0.983404
v -0.667291 6.637467 -0.178800
v -0.598277 6.637467 0.345416
v -0.178800 6.637467 0.667291
v 0.345416 6.637467 0.598277
v 0.667291 6.637467 0.178800
v 0.598277 6.637467 -0.345416
v 0.178800 6.637467 -0.667291
v -0.345416 6.637467 -0.598277
v -0.590346 6.801824 -0.158182
v -0.529290 6.801824 0.305586
v -0.158182 6.801824 0.590346
v 0.305586 6.801824 0.529290
v 0.590346 6.801824 0.158182
v 0.529290 6.801824 -0.305586
v 0.158182 6.801824 -0.590346
v -0.305586 6.801824 -0.529290
v -0.421190 6.839064 -0.112857
v -0.377628 6.839064 0.218024
v -0.112857 6.839064 0.421190
v 0.218024 6.839064 0.377628
v 0.421190 6.839064 0.112857
v 0.377628 6.839064 -0.218024
v 0.112857 6.839064 -0.421190
v -0.218024 6.839064 -0.377628
v -0.392997 6.924448 -0.105303
v -0.352351 6.924448 0.203430
v -0.105303 6.924448 0.392997
v 0.203430 6.924448 0.352351
v 0.392997 6.924448 0.105303
v 0.352351 6.924448 -0.203431
v 0.105303 6.924448 -0.392997
v -0.203430 6.924448 -0.352351
v 0.047722 6.967008 0.265083
v -0.173870 6.967008 0.205707
v -0.047722 6.967008 -0.265083
v 0.173870 6.967008 -0.205708
v 0.044798 7.939941 0.246313
v -0.161953 7.939941 0.190915
v -0.044798 7.939941 -0.246313
v 0.161953 7.939941 -0.190915
v -0.176826 7.269878 0.222560
v 0.041856 7.269878 0.281155
v -0.041856 7.269878 -0.281155
v 0.176826 7.269878 -0.222560
v 0.061985 7.328368 -0.577222
v 0.234929 7.328368 -0.530882
v 0.234929 7.637702 -0.530882
v 0.061985 7.637702 -0.577222
v 0.183966 7.697430 -0.222658
v -0.047991 7.697430 -0.284810
v -0.183966 7.697430 0.222657
v 0.047991 7.697430 0.284810
v -0.235303 7.327884 0.531194
v -0.061818 7.327884 0.577679
v -0.235303 7.638186 0.531194
v -0.061818 7.638186 0.577679
v -0.056463 7.989636 0.210722
v -0.099644 7.989636 -0.026699
v 0.056463 7.989636 -0.210723
v 0.099644 7.989636 0.026699
v 0.000000 8.097857 -0.000000
v -1.294222 0.000000 0.747221
v -1.477023 0.000000 0.194455
v -1.443518 0.000000 -0.386789
v -0.386789 0.000000 1.443518
v -0.906913 0.000000 1.181913
v 0.747221 0.000000 1.294222
v 0.194455 0.000000 1.477023
v 1.443518 0.000000 0.386788
v 1.181913 0.000000 0.906913
v 1.294222 0.000000 -0.747221
v 1.477023 0.000000 -0.194455
v 0.386789 0.000000 -1.443518
v 0.906913 0.000000 -1.181913
v -0.747221 0.000000 -1.294223
v -0.194454 0.000000 -1.477023
v -1.181913 0.000000 -0.906913
v -0.601316 5.657104 0.347170
v -0.686248 5.657104 0.090347
v -0.670681 5.657104 -0.179708
v -0.179708 5.657104 0.670681
v -0.421366 5.657104 0.549135
v 0.347170 5.657104 0.601316
v 0.090347 5.657104 0.686248
v 0.670681 5.657104 0.179708
v 0.549135 5.657104 0.421366
v 0.601316 5.657104 -0.347171
v 0.686248 5.657104 -0.090347
v 0.179708 5.657104 -0.670681
v 0.421366 5.657104 -0.549135
v -0.347170 5.657104 -0.601316
v -0.090347 5.657104 -0.686248
v -0.549135 5.657104 -0.421366
v -0.983404 6.513029 0.567769
v -1.122303 6.513029 0.147755
v -1.096845 6.513029 -0.293898
v -0.293898 6.513029 1.096845
v -0.689110 6.513029 0.898066
v 0.567769 6.513029 0.983404
v 0.147755 6.513029 1.122303
v 1.096845 6.513029 0.293898
v 0.898066 6.513029 0.689110
v 0.983404 6.513029 -0.567769
v 1.122303 6.513029 -0.147755
v 0.293898 6.513029 -1.096845
v 0.689110 6.513029 -0.898066
v -0.567769 6.513029 -0.983404
v -0.147755 6.513029 -1.122303
v -0.898066 6.513029 -0.689110
v -0.352351 6.924448 0.203430
v -0.402119 6.924448 0.052940
v -0.392997 6.924448 -0.105303
v -0.105303 6.924448 0.392997
v -0.246906 6.924448 0.321775
v 0.203430 6.924448 0.352351
v 0.052940 6.924448 0.402119
v 0.392997 6.924448 0.105303
v 0.321775 6.924448 0.246906
v 0.352351 6.924448 -0.203431
v 0.402119 6.924448 -0.052940
v 0.105303 6.924448 -0.392997
v 0.246906 6.924448 -0.321775
v -0.203430 6.924448 -0.352351
v -0.052940 6.924448 -0.402119
v -0.321775 6.924448 -0.246907
vn 0.9914 0.0000 -0.1305
vn 0.8631 0.0819 -0.4983
vn 0.9881 0.0817 -0.1301
vn 0.8059 0.3659 -0.4653
vn 0.9227 0.3657 -0.1215
vn 0.8989 0.3659 0.2409
vn 0.9627 0.0819 0.2579
vn -0.1305 0.0000 -0.9914
vn -0.4983 0.0819 -0.8631
vn -0.1301 0.0817 -0.9881
vn -0.4653 0.3659 -0.8059
vn -0.1215 0.3657 -0.9227
vn 0.2409 0.3659 -0.8989
vn 0.2579 0.0819 -0.9627
vn -0.6067 0.0817 0.7907
vn -0.2588 0.0000 0.9659
vn -0.2579 0.0819 0.9627
vn -0.2409 0.3659 0.8989
vn -0.5666 0.3657 0.7384
vn -0.8059 0.3659 0.4653
vn -0.8631 0.0819 0.4983
vn -0.6088 0.0000 0.7933
vn 0.7907 0.0817 0.6067
vn 0.9659 0.0000 0.2588
vn 0.7384 0.3657 0.5666
vn 0.4653 0.3659 0.8059
vn 0.4983 0.0819 0.8631
vn 0.7933 0.0000 0.6088
vn 0.6088 0.0000 -0.7933
vn 0.6067 0.0817 -0.7907
vn 0.5666 0.3657 -0.7384
vn -0.9914 0.0000 0.1305
vn -0.9881 0.0817 0.1301
vn -0.9227 0.3657 0.1215
vn -0.8989 0.3659 -0.2409
vn -0.9627 0.0819 -0.2579
vn -0.9659 0.0000 -0.2588
vn -0.7933 0.0000 -0.6088
vn -0.7907 0.0817 -0.6067
vn -0.7384 0.3657 -0.5666
vn 0.1305 0.0000 0.9914
vn 0.1301 0.0817 0.9881
vn 0.1215 0.3657 0.9227
vn -0.1127 0.5038 -0.8564
vn -0.4902 0.1972 -0.8490
vn -0.1280 0.1964 -0.9721
vn -0.4996 0.0404 -0.8653
vn -0.1304 0.0403 -0.9906
vn 0.2586 0.0404 -0.9651
vn 0.2537 0.1972 -0.9469
vn -0.5258 0.5038 0.6853
vn -0.2537 0.1972 0.9469
vn -0.5969 0.1964 0.7779
vn -0.2586 0.0404 0.9651
vn -0.6083 0.0403 0.7927
vn -0.8653 0.0404 0.4996
vn -0.8490 0.1972 0.4902
vn 0.6853 0.5038 0.5258
vn 0.9469 0.1972 0.2537
vn 0.7779 0.1964 0.5969
vn 0.9651 0.0404 0.2586
vn 0.7927 0.0403 0.6083
vn 0.4996 0.0404 0.8653
vn 0.4902 0.1972 0.8490
vn 0.5258 0.5038 -0.6853
vn 0.5969 0.1964 -0.7779
vn 0.6083 0.0403 -0.7927
vn 0.8653 0.0404 -0.4996
vn 0.8490 0.1972 -0.4902
vn -0.8564 0.5038 0.1127
vn -0.9721 0.1964 0.1280
vn -0.9906 0.0403 0.1304
vn -0.9651 0.0404 -0.2586
vn -0.9469 0.1972 -0.2537
vn -0.6853 0.5038 -0.5258
vn -0.7779 0.1964 -0.5969
vn -0.7927 0.0403 -0.6083
vn 0.1127 0.5038 0.8564
vn 0.1280 0.1964 0.9721
vn 0.1304 0.0403 0.9906
vn 0.8564 0.5038 -0.1127
vn 0.9721 0.1964 -0.1280
vn 0.9906 0.0403 -0.1304
vn 0.0000 -1.0000 0.0000
vn 0.8645 0.0599 -0.4991
vn 0.9897 0.0598 -0.1303
vn 0.7324 0.5336 -0.4229
vn 0.8377 0.5348 -0.1103
vn 0.8169 0.5336 0.2189
vn 0.9642 0.0599 0.2583
vn -0.4991 0.0599 -0.8645
vn -0.1303 0.0598 -0.9897
vn -0.4229 0.5336 -0.7324
vn -0.1103 0.5348 -0.8377
vn 0.2189 0.5336 -0.8169
vn 0.2583 0.0599 -0.9642
vn -0.2583 0.0599 0.9642
vn -0.6077 0.0598 0.7919
vn -0.2189 0.5336 0.8169
vn -0.5144 0.5348 0.6703
vn -0.7324 0.5336 0.4229
vn -0.8645 0.0599 0.4991
vn 0.7919 0.0598 0.6077
vn 0.6703 0.5348 0.5144
vn 0.4229 0.5336 0.7324
vn 0.4991 0.0599 0.8645
vn 0.6077 0.0598 -0.7919
vn 0.5144 0.5348 -0.6703
vn -0.9897 0.0598 0.1303
vn -0.8377 0.5348 0.1103
vn -0.8169 0.5336 -0.2189
vn -0.9642 0.0599 -0.2583
vn -0.7919 0.0598 -0.6077
vn -0.6703 0.5348 -0.5144
vn 0.1303 0.0598 0.9897
vn 0.1103 0.5348 0.8377
vn 0.1532 0.8060 -0.5717
vn 0.3617 0.8043 -0.4714
vn 0.2257 0.4897 -0.8422
vn 0.5315 0.4875 -0.6926
vn 0.7551 0.4897 -0.4359
vn 0.5126 0.8060 -0.2959
vn -0.5126 0.8060 0.2959
vn -0.5891 0.8043 0.0775
vn -0.7551 0.4897 0.4359
vn -0.8656 0.4875 0.1140
vn -0.8422 0.4897 -0.2257
vn -0.5717 0.8060 -0.1532
vn -0.2959 0.8060 -0.5126
vn -0.4714 0.8043 -0.3617
vn -0.6926 0.4875 -0.5315
vn -0.4359 0.4897 -0.7551
vn 0.2959 0.8060 0.5126
vn 0.0775 0.8043 0.5891
vn 0.4359 0.4897 0.7551
vn 0.1140 0.4875 0.8656
vn -0.2257 0.4897 0.8422
vn -0.1532 0.8060 0.5717
vn 0.5891 0.8043 -0.0775
vn 0.8656 0.4875 -0.1140
vn 0.8422 0.4897 0.2257
vn 0.5717 0.8060 0.1532
vn -0.0775 0.8043 -0.5891
vn -0.1140 0.4875 -0.8656
vn -0.3617 0.8043 0.4714
vn -0.5315 0.4875 0.6926
vn 0.4714 0.8043 0.3617
vn 0.6926 0.4875 0.5315
vn -0.1301 0.0820 -0.9881
vn -0.5000 -0.0013 -0.8660
vn -0.1305 -0.0013 -0.9914
vn -0.1118 -0.5158 -0.8494
vn 0.2588 -0.0013 -0.9659
vn -0.6067 0.0820 0.7907
vn -0.2588 -0.0013 0.9659
vn -0.6088 -0.0013 0.7933
vn -0.5215 -0.5158 0.6796
vn -0.8660 -0.0013 0.5000
vn 0.7907 0.0820 0.6067
vn 0.9659 -0.0013 0.2588
vn 0.7933 -0.0013 0.6088
vn 0.6796 -0.5158 0.5215
vn 0.5000 -0.0013 0.8660
vn 0.6067 0.0820 -0.7907
vn 0.6088 -0.0013 -0.7933
vn 0.5215 -0.5158 -0.6796
vn 0.8660 -0.0013 -0.5000
vn -0.9881 0.0820 0.1301
vn -0.9914 -0.0013 0.1305
vn -0.8494 -0.5158 0.1118
vn -0.9659 -0.0013 -0.2588
vn -0.7907 0.0820 -0.6067
vn -0.7933 -0.0013 -0.6088
vn -0.6796 -0.5158 -0.5215
vn 0.1301 0.0820 0.9881
vn 0.1305 -0.0013 0.9914
vn 0.1118 -0.5158 0.8494
vn 0.9881 0.0820 -0.1301
vn 0.9914 -0.0013 -0.1305
vn 0.8494 -0.5158 -0.1118
vn -0.4916 0.1827 -0.8514
vn -0.1283 0.1820 -0.9749
vn -0.4983 0.0823 -0.8631
vn 0.2579 0.0823 -0.9626
vn 0.2544 0.1827 -0.9496
vn -0.2544 0.1827 0.9496
vn -0.5986 0.1820 0.7801
vn -0.2579 0.0823 0.9626
vn -0.8631 0.0823 0.4983
vn -0.8514 0.1827 0.4916
vn 0.9496 0.1827 0.2544
vn 0.7801 0.1820 0.5986
vn 0.9626 0.0823 0.2579
vn 0.4983 0.0823 0.8631
vn 0.4916 0.1827 0.8514
vn 0.5986 0.1820 -0.7801
vn 0.8631 0.0823 -0.4983
vn 0.8514 0.1827 -0.4916
vn -0.9749 0.1820 0.1283
vn -0.9626 0.0823 -0.2579
vn -0.9496 0.1827 -0.2544
vn -0.7801 0.1820 -0.5986
vn 0.1283 0.1820 0.9749
vn 0.9749 0.1820 -0.1283
vn -0.3974 0.6069 -0.6883
vn -0.1038 0.6059 -0.7887
vn -0.4313 0.5058 -0.7471
vn 0.2233 0.5058 -0.8333
vn 0.2057 0.6069 -0.7677
vn -0.2057 0.6069 0.7677
vn -0.4842 0.6059 0.6311
vn -0.2233 0.5058 0.8333
vn -0.7471 0.5058 0.4313
vn -0.6883 0.6069 0.3974
vn 0.7677 0.6069 0.2057
vn 0.6311 0.6059 0.4842
vn 0.8333 0.5058 0.2233
vn 0.4313 0.5058 0.7471
vn 0.3974 0.6069 0.6883
vn 0.4842 0.6059 -0.6311
vn 0.7471 0.5058 -0.4313
vn 0.6883 0.6069 -0.3974
vn -0.7887 0.6059 0.1038
vn -0.8333 0.5058 -0.2233
vn -0.7677 0.6069 -0.2057
vn -0.6311 0.6059 -0.4842
vn 0.1038 0.6059 0.7887
vn 0.7887 0.6059 -0.1038
vn 0.3948 -0.9173 -0.0520
vn 0.7403 -0.5188 -0.4274
vn 0.3428 -0.9183 -0.1979
vn 0.5661 -0.8209 -0.0745
vn 0.3824 -0.9183 0.1025
vn 0.8258 -0.5188 0.2213
vn -0.0520 -0.9173 -0.3948
vn -0.4274 -0.5188 -0.7403
vn -0.1979 -0.9183 -0.3428
vn -0.0745 -0.8209 -0.5661
vn 0.1025 -0.9183 -0.3824
vn 0.2213 -0.5188 -0.8258
vn -0.2424 -0.9173 0.3159
vn -0.2213 -0.5188 0.8258
vn -0.1025 -0.9183 0.3824
vn -0.3476 -0.8209 0.4530
vn -0.3428 -0.9183 0.1979
vn -0.7403 -0.5188 0.4274
vn 0.3159 -0.9173 0.2424
vn 0.4530 -0.8209 0.3476
vn 0.1979 -0.9183 0.3428
vn 0.4274 -0.5188 0.7403
vn 0.2424 -0.9173 -0.3159
vn 0.3476 -0.8209 -0.4530
vn -0.3948 -0.9173 0.0520
vn -0.5661 -0.8209 0.0745
vn -0.3824 -0.9183 -0.1025
vn -0.8258 -0.5188 -0.2213
vn -0.3159 -0.9173 -0.2424
vn -0.4530 -0.8209 -0.3476
vn 0.0520 -0.9173 0.3948
vn 0.0745 -0.8209 0.5661
vn -0.7858 -0.1380 -0.6029
vn -0.2860 -0.8202 -0.4953
vn -0.5525 -0.8202 -0.1480
vn -0.9567 -0.1375 -0.2564
vn -0.6659 0.7243 -0.1784
vn -0.5458 0.7257 -0.4188
vn -0.3447 0.7243 -0.5970
vn -0.4952 -0.1375 -0.8578
vn 0.1293 -0.1380 0.9819
vn 0.2860 -0.8202 0.4953
vn 0.4952 -0.1375 0.8578
vn 0.3447 0.7243 0.5970
vn 0.0898 0.7257 0.6821
vn -0.1784 0.7243 0.6659
vn -0.2564 -0.1375 0.9567
vn -0.1480 -0.8202 0.5525
vn 0.9819 -0.1380 -0.1293
vn 0.4953 -0.8202 -0.2860
vn 0.8578 -0.1375 -0.4952
vn 0.5970 0.7243 -0.3447
vn 0.6821 0.7257 -0.0898
vn 0.6659 0.7243 0.1784
vn 0.9567 -0.1375 0.2564
vn 0.5525 -0.8202 0.1480
vn -0.1293 -0.1380 -0.9819
vn -0.0898 0.7258 -0.6821
vn 0.1784 0.7243 -0.6659
vn 0.2564 -0.1375 -0.9567
vn 0.1480 -0.8202 -0.5525
vn -0.6029 -0.1380 0.7858
vn -0.4188 0.7258 0.5458
vn -0.5970 0.7243 0.3447
vn -0.8578 -0.1375 0.4952
vn -0.4953 -0.8202 0.2860
vn 0.7858 -0.1380 0.6029
vn 0.5458 0.7257 0.4188
vn 0.6029 -0.1380 -0.7858
vn 0.4188 0.7257 -0.5458
vn -0.9819 -0.1380 0.1293
vn -0.6821 0.7257 0.0898
vn 0.2231 0.9729 0.0598
vn 0.1835 0.9729 0.1408
vn 0.6424 0.7467 0.1721
vn 0.5307 0.7433 0.4072
vn 0.3326 0.7467 0.5760
vn 0.1155 0.9729 0.2000
vn 0.0598 0.9729 -0.2231
vn 0.1408 0.9729 -0.1835
vn 0.1721 0.7467 -0.6424
vn 0.4072 0.7433 -0.5307
vn 0.5760 0.7467 -0.3325
vn 0.2000 0.9729 -0.1155
vn -0.2000 0.9729 0.1155
vn -0.2293 0.9729 0.0302
vn -0.5760 0.7467 0.3326
vn -0.6632 0.7433 0.0873
vn -0.6424 0.7467 -0.1721
vn -0.2231 0.9729 -0.0598
vn -0.1155 0.9729 -0.2000
vn -0.1835 0.9729 -0.1408
vn -0.5307 0.7433 -0.4072
vn -0.3325 0.7467 -0.5760
vn 0.0302 0.9729 0.2293
vn 0.0873 0.7433 0.6632
vn -0.1721 0.7467 0.6424
vn -0.0598 0.9729 0.2231
vn 0.2293 0.9729 -0.0302
vn 0.6632 0.7433 -0.0873
vn -0.0302 0.9729 -0.2293
vn -0.0873 0.7433 -0.6632
vn -0.1408 0.9729 0.1835
vn -0.4072 0.7433 0.5307
vn -0.2499 0.2607 0.9325
vn -0.5878 0.2600 0.7660
vn -0.1885 0.6850 0.7037
vn -0.4427 0.6864 0.5769
vn -0.6309 0.6850 0.3642
vn -0.8361 0.2607 0.4827
vn 0.9325 0.2607 0.2499
vn 0.7660 0.2600 0.5878
vn 0.7037 0.6850 0.1885
vn 0.5769 0.6864 0.4427
vn 0.3642 0.6850 0.6309
vn 0.4827 0.2607 0.8361
vn 0.2499 0.2607 -0.9325
vn 0.5878 0.2600 -0.7660
vn 0.1885 0.6850 -0.7037
vn 0.4427 0.6864 -0.5769
vn 0.6309 0.6850 -0.3642
vn 0.8361 0.2607 -0.4827
vn -0.9573 0.2600 0.1260
vn -0.7209 0.6864 0.0949
vn -0.7037 0.6850 -0.1885
vn -0.9325 0.2607 -0.2499
vn -0.4827 0.2607 -0.8361
vn -0.7660 0.2600 -0.5878
vn -0.5769 0.6864 -0.4427
vn -0.3642 0.6850 -0.6309
vn 0.1260 0.2600 0.9573
vn 0.0949 0.6864 0.7209
vn 0.9573 0.2600 -0.1260
vn 0.7209 0.6864 -0.0949
vn -0.1260 0.2600 -0.9573
vn -0.0949 0.6864 -0.7209
vn 0.1349 0.9629 0.2336
vn 0.0352 0.9628 0.2678
vn 0.3488 0.7165 0.6041
vn 0.0915 0.7130 0.6952
vn -0.1805 0.7165 0.6738
vn -0.0698 0.9629 0.2606
vn 0.2336 0.9629 -0.1349
vn 0.2678 0.9628 -0.0352
vn 0.6041 0.7165 -0.3488
vn 0.6952 0.7130 -0.0915
vn 0.6738 0.7165 0.1805
vn 0.2606 0.9629 0.0698
vn -0.1349 0.9629 -0.2336
vn -0.0352 0.9628 -0.2678
vn -0.3488 0.7165 -0.6041
vn -0.0915 0.7130 -0.6952
vn 0.1805 0.7165 -0.6738
vn 0.0698 0.9629 -0.2606
vn -0.1644 0.9628 0.2143
vn -0.4268 0.7130 0.5563
vn -0.6041 0.7165 0.3488
vn -0.2336 0.9629 0.1349
vn 0.2143 0.9628 0.1644
vn 0.5563 0.7130 0.4268
vn 0.1644 0.9628 -0.2143
vn 0.4268 0.7130 -0.5563
vn -0.2678 0.9628 0.0352
vn -0.6952 0.7130 0.0915
vn -0.6738 0.7165 -0.1805
vn -0.2606 0.9629 -0.0698
vn -0.2143 0.9628 -0.1644
vn -0.5563 0.7130 -0.4268
vn 0.9659 -0.0058 0.2588
vn 0.7933 -0.0058 0.6087
vn 0.6095 -0.6402 0.4676
vn 0.5000 -0.0058 0.8660
vn 0.2588 -0.0058 -0.9659
vn 0.6087 -0.0058 -0.7933
vn 0.4676 -0.6402 -0.6095
vn 0.8660 -0.0058 -0.5000
vn -0.8660 -0.0058 0.5000
vn -0.9914 -0.0058 0.1305
vn -0.7616 -0.6402 0.1003
vn -0.9659 -0.0058 -0.2588
vn -0.5000 -0.0058 -0.8660
vn -0.7933 -0.0058 -0.6087
vn -0.6095 -0.6402 -0.4676
vn 0.1305 -0.0058 0.9914
vn 0.1003 -0.6402 0.7616
vn -0.2588 -0.0058 0.9659
vn 0.9914 -0.0058 -0.1305
vn 0.7616 -0.6402 -0.1003
vn -0.1305 -0.0058 -0.9914
vn -0.1003 -0.6402 -0.7616
vn -0.6087 -0.0058 0.7933
vn -0.4676 -0.6402 0.6095
vn 0.2637 -0.9640 -0.0347
vn 0.6629 -0.6435 -0.3827
vn 0.2286 -0.9645 -0.1320
vn 0.5604 -0.8249 -0.0738
vn 0.2550 -0.9645 0.0683
vn 0.7394 -0.6435 0.1981
vn -0.0347 -0.9640 -0.2636
vn -0.3827 -0.6435 -0.6629
vn -0.1320 -0.9645 -0.2286
vn -0.0738 -0.8249 -0.5604
vn 0.0683 -0.9645 -0.2550
vn 0.1981 -0.6435 -0.7394
vn -0.1619 -0.9640 0.2110
vn -0.1981 -0.6435 0.7394
vn -0.0683 -0.9645 0.2550
vn -0.3441 -0.8249 0.4484
vn -0.2286 -0.9645 0.1320
vn -0.6629 -0.6435 0.3827
vn 0.2110 -0.9640 0.1619
vn 0.4484 -0.8249 0.3441
vn 0.1320 -0.9645 0.2286
vn 0.3827 -0.6435 0.6629
vn 0.1619 -0.9640 -0.2110
vn 0.3441 -0.8249 -0.4484
vn -0.2637 -0.9640 0.0347
vn -0.5604 -0.8249 0.0738
vn -0.2550 -0.9645 -0.0683
vn -0.7394 -0.6435 -0.1981
vn -0.2110 -0.9640 -0.1619
vn -0.4484 -0.8249 -0.3441
vn 0.0347 -0.9640 0.2637
vn 0.0738 -0.8249 0.5604
vn 0.6086 -0.0221 -0.7931
vn 0.1467 -0.8237 -0.5476
vn 0.2587 -0.0221 -0.9657
vn 0.1536 0.8049 -0.5732
vn 0.3602 0.8061 -0.4694
vn 0.5139 0.8049 -0.2967
vn 0.8658 -0.0220 -0.4999
vn 0.4910 -0.8237 -0.2835
vn -0.9912 -0.0221 0.1305
vn -0.4910 -0.8237 0.2835
vn -0.8658 -0.0220 0.4999
vn -0.5139 0.8049 0.2967
vn -0.5866 0.8061 0.0772
vn -0.5732 0.8049 -0.1536
vn -0.9657 -0.0220 -0.2587
vn -0.5477 -0.8237 -0.1467
vn -0.7931 -0.0221 -0.6086
vn -0.2835 -0.8237 -0.4910
vn -0.4694 0.8061 -0.3602
vn -0.2967 0.8049 -0.5139
vn -0.4999 -0.0220 -0.8658
vn 0.1305 -0.0221 0.9912
vn 0.2835 -0.8237 0.4910
vn 0.4999 -0.0220 0.8658
vn 0.2967 0.8049 0.5139
vn 0.0772 0.8061 0.5866
vn -0.1536 0.8049 0.5731
vn -0.2587 -0.0220 0.9657
vn -0.1467 -0.8237 0.5477
vn 0.9912 -0.0221 -0.1305
vn 0.5866 0.8061 -0.0772
vn 0.5732 0.8049 0.1536
vn 0.9657 -0.0220 0.2587
vn 0.5477 -0.8237 0.1467
vn -0.1305 -0.0221 -0.9912
vn -0.0772 0.8061 -0.5866
vn -0.6086 -0.0221 0.7931
vn -0.3602 0.8061 0.4694
vn 0.7931 -0.0221 0.6086
vn 0.4694 0.8061 0.3602
vn -0.0495 0.9951 -0.0857
vn -0.0128 0.9951 -0.0976
vn 0.0000 1.0000 0.0000
vn 0.0256 0.9951 -0.0956
vn -0.0256 0.9951 0.0956
vn -0.0599 0.9951 0.0781
vn -0.0857 0.9951 0.0495
vn 0.0956 0.9951 0.0256
vn 0.0781 0.9951 0.0599
vn 0.0495 0.9951 0.0857
vn 0.0599 0.9951 -0.0781
vn 0.0857 0.9951 -0.0495
vn -0.0976 0.9951 0.0128
vn -0.0956 0.9951 -0.0256
vn -0.0781 0.9951 -0.0599
vn 0.0128 0.9951 0.0976
vn 0.0976 0.9951 -0.0128
vn -0.7063 -0.4553 -0.5420
vn -0.4401 -0.4746 -0.7623
vn -0.6988 -0.4735 -0.5362
vn -0.8502 -0.4746 -0.2278
vn -0.8594 -0.4564 -0.2303
vn -0.7128 -0.4389 -0.5470
vn -0.4449 -0.4564 -0.7705
vn 0.1162 -0.4553 0.8827
vn 0.4401 -0.4746 0.7623
vn 0.4449 -0.4564 0.7705
vn 0.1173 -0.4389 0.8908
vn -0.2303 -0.4564 0.8594
vn -0.2278 -0.4746 0.8502
vn 0.1150 -0.4735 0.8733
vn 0.8827 -0.4553 -0.1162
vn 0.7623 -0.4746 -0.4401
vn 0.7705 -0.4564 -0.4449
vn 0.8908 -0.4389 -0.1173
vn 0.8594 -0.4564 0.2303
vn 0.8502 -0.4746 0.2278
vn 0.8733 -0.4735 -0.1150
vn -0.1162 -0.4553 -0.8827
vn -0.1173 -0.4389 -0.8908
vn 0.2303 -0.4564 -0.8594
vn 0.2278 -0.4746 -0.8502
vn -0.1150 -0.4735 -0.8733
vn -0.5420 -0.4553 0.7063
vn -0.5470 -0.4389 0.7128
vn -0.7705 -0.4564 0.4449
vn -0.7623 -0.4746 0.4401
vn -0.5362 -0.4735 0.6988
vn 0.7063 -0.4553 0.5420
vn 0.7128 -0.4389 0.5470
vn 0.6988 -0.4735 0.5362
vn 0.5420 -0.4553 -0.7063
vn 0.5470 -0.4389 -0.7128
vn 0.5362 -0.4735 -0.6988
vn -0.8827 -0.4553 0.1162
vn -0.8908 -0.4389 0.1173
vn -0.8733 -0.4735 0.1150
vn 0.2344 0.9554 0.1798
vn 0.2624 0.9624 0.0703
vn 0.2159 0.9622 0.1657
vn 0.5514 0.8210 0.1477
vn 0.4558 0.8185 0.3497
vn 0.2854 0.8210 0.4944
vn 0.1358 0.9624 0.2353
vn 0.1798 0.9554 -0.2344
vn 0.0703 0.9624 -0.2624
vn 0.1657 0.9622 -0.2159
vn 0.1477 0.8210 -0.5514
vn 0.3497 0.8185 -0.4558
vn 0.4944 0.8210 -0.2854
vn 0.2353 0.9624 -0.1358
vn -0.2929 0.9554 0.0385
vn -0.2353 0.9624 0.1358
vn -0.2699 0.9622 0.0355
vn -0.4944 0.8210 0.2854
vn -0.5696 0.8185 0.0750
vn -0.5514 0.8210 -0.1477
vn -0.2624 0.9624 -0.0703
vn -0.1358 0.9624 -0.2353
vn -0.2344 0.9554 -0.1798
vn -0.2159 0.9622 -0.1657
vn -0.4558 0.8185 -0.3497
vn -0.2854 0.8210 -0.4944
vn 0.0385 0.9554 0.2929
vn 0.0355 0.9622 0.2699
vn 0.0750 0.8185 0.5696
vn -0.1477 0.8210 0.5514
vn -0.0703 0.9624 0.2624
vn 0.2929 0.9554 -0.0385
vn 0.2699 0.9622 -0.0355
vn 0.5696 0.8185 -0.0750
vn -0.0385 0.9554 -0.2929
vn -0.0355 0.9622 -0.2699
vn -0.0750 0.8185 -0.5696
vn -0.1798 0.9554 0.2344
vn -0.1657 0.9622 0.2159
vn -0.3497 0.8185 0.4558
vn 0.7810 0.4320 -0.4509
vn 0.8948 0.4306 -0.1178
vn 0.6088 0.7111 -0.3515
vn 0.6956 0.7126 -0.0916
vn 0.6790 0.7112 0.1820
vn 0.8711 0.4320 0.2334
vn -0.4509 0.4320 -0.7810
vn -0.1178 0.4306 -0.8948
vn -0.3515 0.7111 -0.6088
vn -0.0916 0.7126 -0.6956
vn 0.1820 0.7111 -0.6790
vn 0.2334 0.4320 -0.8711
vn -0.2334 0.4320 0.8711
vn -0.5494 0.4306 0.7160
vn -0.1820 0.7111 0.6790
vn -0.4271 0.7126 0.5566
vn -0.6088 0.7112 0.3515
vn -0.7810 0.4320 0.4509
vn 0.7160 0.4306 0.5494
vn 0.5566 0.7126 0.4271
vn 0.3515 0.7112 0.6088
vn 0.4509 0.4320 0.7810
vn 0.5494 0.4306 -0.7160
vn 0.4271 0.7126 -0.5566
vn -0.8948 0.4306 0.1178
vn -0.6956 0.7126 0.0916
vn -0.6790 0.7112 -0.1820
vn -0.8711 0.4320 -0.2334
vn -0.7160 0.4306 -0.5494
vn -0.5566 0.7126 -0.4271
vn 0.1178 0.4306 0.8948
vn 0.0916 0.7126 0.6956
vn 0.1867 0.9764 -0.1078
vn 0.2138 0.9765 -0.0281
vn 0.3958 0.8894 -0.2285
vn 0.4570 0.8874 -0.0602
vn 0.4415 0.8894 0.1183
vn 0.2083 0.9764 0.0558
vn -0.1078 0.9764 -0.1867
vn -0.0281 0.9765 -0.2138
vn -0.2285 0.8894 -0.3958
vn -0.0602 0.8874 -0.4570
vn 0.1183 0.8894 -0.4415
vn 0.0558 0.9764 -0.2083
vn -0.0558 0.9764 0.2083
vn -0.1313 0.9765 0.1711
vn -0.1183 0.8894 0.4415
vn -0.2806 0.8874 0.3657
vn -0.3958 0.8894 0.2285
vn -0.1867 0.9764 0.1078
vn 0.1711 0.9765 0.1313
vn 0.3657 0.8874 0.2806
vn 0.2285 0.8894 0.3958
vn 0.1078 0.9764 0.1867
vn 0.1313 0.9765 -0.1711
vn 0.2806 0.8874 -0.3657
vn -0.2138 0.9765 0.0281
vn -0.4570 0.8874 0.0602
vn -0.4415 0.8894 -0.1183
vn -0.2083 0.9764 -0.0558
vn -0.1711 0.9765 -0.1313
vn -0.3657 0.8874 -0.2806
vn 0.0281 0.9765 0.2138
vn 0.0602 0.8874 0.4570
vn 0.2430 0.3444 -0.9068
vn 0.5719 0.3425 -0.7454
vn 0.8130 0.3444 -0.4694
vn -0.8130 0.3444 0.4694
vn -0.9315 0.3425 0.1226
vn -0.9068 0.3444 -0.2430
vn -0.4694 0.3444 -0.8130
vn -0.7454 0.3425 -0.5719
vn 0.4694 0.3444 0.8130
vn 0.1226 0.3425 0.9315
vn -0.2430 0.3444 0.9068
vn 0.9315 0.3425 -0.1226
vn 0.9068 0.3444 0.2430
vn -0.1226 0.3425 -0.9315
vn -0.5719 0.3425 0.7454
vn 0.7454 0.3425 0.5719
vn 0.6879 0.0625 0.7231
vn -0.1793 -0.7212 0.6691
vn -0.2566 0.1306 0.9576
vn -0.9573 0.0625 0.2823
vn -0.7984 0.4964 0.3406
vn -0.2467 0.3022 0.9207
vn 0.5212 0.4964 0.6942
vn -0.9657 -0.0212 -0.2587
vn -0.9575 0.1313 -0.2566
vn -0.6879 0.0625 -0.7231
vn -0.7282 0.6569 -0.1951
vn 0.1793 -0.7212 -0.6691
vn 0.2566 0.1306 -0.9576
vn 0.9573 0.0625 -0.2823
vn 0.7984 0.4964 -0.3406
vn 0.2467 0.3022 -0.9207
vn -0.5212 0.4964 -0.6942
vn 0.9657 -0.0212 0.2587
vn 0.9575 0.1313 0.2566
vn 0.7282 0.6569 0.1951
vn -0.1080 0.9087 0.4031
vn -0.6711 0.7192 -0.1798
vn -0.6409 0.7548 0.1393
vn -0.8804 0.4113 -0.2359
vn -0.9098 0.3727 -0.1823
vn -0.8147 0.4556 0.3586
vn -0.4630 0.5029 0.7299
vn -0.1607 0.7839 0.5997
vn 0.9425 0.0000 0.3342
vn 0.5227 0.4678 0.7127
vn 0.5473 0.0000 0.8369
vn 0.5227 -0.4678 0.7127
vn 0.6807 -0.6310 0.3721
vn 0.9624 -0.0152 0.2712
vn 0.6729 0.6498 0.3534
vn -0.9691 -0.0152 -0.2463
vn -0.9659 -0.0004 -0.2588
vn -0.9658 -0.0133 -0.2588
vn -0.9624 -0.0152 -0.2712
vn -0.8110 -0.3146 -0.4932
vn -0.9489 -0.3146 0.0216
vn -0.9419 0.0000 -0.3359
vn -0.5244 0.4654 -0.7130
vn -0.5489 0.0000 -0.8358
vn -0.5244 -0.4654 -0.7130
vn -0.6798 -0.6308 -0.3740
vn -0.6720 0.6497 -0.3553
vn 0.9691 -0.0152 0.2463
vn 0.9659 -0.0004 0.2588
vn 0.9658 -0.0133 0.2588
vn 0.8110 -0.3146 0.4932
vn 0.9489 -0.3146 -0.0216
vn 0.7757 -0.6308 0.0160
vn 0.0509 -0.9804 -0.1902
vn 0.1849 -0.6999 -0.6899
vn 0.8106 -0.4654 -0.3552
vn 0.2559 0.1503 -0.9549
vn -0.5263 0.4556 -0.7179
vn -0.0360 0.5029 -0.8636
vn 0.4630 0.5029 -0.7299
vn 0.8147 0.4556 -0.3586
vn 0.8519 0.1336 -0.5064
vn 0.1920 0.6704 -0.7167
vn -0.4846 0.1336 -0.8645
vn 0.9098 0.3727 0.1823
vn 0.9632 0.0743 0.2581
vn 0.8804 0.4113 0.2359
vn 0.8791 0.3727 0.2971
vn 0.4846 0.1336 0.8645
vn -0.8519 0.1336 0.5064
vn -0.9632 0.0743 -0.2581
vn -0.8791 0.3727 -0.2971
vn 0.2588 0.0000 -0.9659
vn 0.1849 0.6999 -0.6899
vn 0.8106 0.4654 -0.3552
vn 0.8933 0.0000 -0.4494
vn -0.2559 0.1503 0.9549
vn 0.5263 0.4556 0.7179
vn 0.0360 0.5029 0.8636
vn -0.1920 0.6704 0.7167
vn 0.7596 0.6497 0.0283
vn 0.9836 0.0000 0.1801
vn 0.0328 0.9919 -0.1227
vn -0.1849 0.6997 0.6900
vn -0.8090 0.4678 0.3558
vn -0.8925 0.0000 0.4511
vn -0.8090 -0.4678 0.3558
vn -0.1849 -0.6997 0.6900
vn -0.7756 -0.6310 -0.0181
vn -0.0506 -0.9807 0.1888
vn -0.0325 0.9921 0.1213
vn -0.7595 0.6498 -0.0304
vn -0.9833 0.0000 -0.1818
vn 0.4854 0.7548 0.4411
vn 0.6711 0.7192 0.1798
vn 0.6409 0.7548 -0.1393
vn 0.1607 0.7839 -0.5997
vn 0.1080 0.9087 -0.4031
vn -0.4854 0.7548 -0.4411
vn 0.2344 0.9697 -0.0686
vn 0.1494 0.9879 0.0400
vn 0.1686 0.9697 0.1766
vn -0.0965 0.9278 0.3603
vn -0.2344 0.9697 0.0686
vn -0.1494 0.9879 -0.0400
vn -0.1686 0.9697 -0.1766
vn 0.0965 0.9278 -0.3603
vn 0.8660 0.0000 -0.5000
vn -0.5000 0.0000 -0.8660
vn -0.8660 0.0000 0.5000
vn 0.5000 0.0000 0.8660
vn -0.8674 -0.4400 -0.2324
vn -0.4490 -0.4400 -0.7776
vn 0.4490 -0.4400 0.7776
vn -0.2324 -0.4400 0.8674
vn 0.7776 -0.4400 -0.4490
vn 0.8674 -0.4400 0.2324
vn 0.2324 -0.4400 -0.8674
vn -0.7776 -0.4400 0.4490
vn 0.2846 0.9556 0.0762
vn 0.1473 0.9556 0.2551
vn 0.0762 0.9556 -0.2846
vn 0.2551 0.9556 -0.1473
vn -0.2551 0.9556 0.1473
vn -0.2846 0.9556 -0.0762
vn -0.1473 0.9556 -0.2551
vn -0.0762 0.9556 0.2846
vn 0.7666 0.2720 0.5817
vn -0.9547 0.2720 0.1204
vn -0.7666 0.2720 -0.5817
vn 0.9547 0.2720 -0.1204
usemtl White_marble
s 1
f 813//1 215//2 1//3
f 1//3 611//4 210//5
f 1//3 610//6 214//7
f 214//7 813//1 1//3
f 817//8 217//9 2//10
f 2//10 613//11 212//12
f 2//10 612//13 216//14
f 216//14 817//8 2//10
f 3//15 806//16 219//17
f 3//15 608//18 207//19
f 3//15 607//20 218//21
f 218//21 807//22 3//15
f 4//23 810//24 214//7
f 4//23 610//6 209//25
f 4//23 609//26 220//27
f 220//27 811//28 4//23
f 815//29 216//14 5//30
f 5//30 612//13 211//31
f 5//30 611//4 215//2
f 215//2 815//29 5//30
f 804//32 218//21 6//33
f 6//33 607//20 206//34
f 6//33 606//35 221//36
f 6//33 805//37 804//32
f 217//9 818//38 7//39
f 818//38 221//36 7//39
f 7//39 606//35 213//40
f 7//39 613//11 217//9
f 809//41 220//27 8//42
f 8//42 609//26 208//43
f 8//42 608//18 219//17
f 219//17 809//41 8//42
f 310//44 303//45 9//46
f 9//46 621//47 228//48
f 9//46 620//49 230//50
f 230//50 310//44 9//46
f 311//51 305//52 10//53
f 10//53 616//54 223//55
f 10//53 615//56 232//57
f 232//57 311//51 10//53
f 312//58 307//59 11//60
f 11//60 618//61 225//62
f 11//60 617//63 234//64
f 234//64 312//58 11//60
f 313//65 230//50 12//66
f 12//66 620//49 227//67
f 12//66 619//68 236//69
f 236//69 313//65 12//66
f 314//70 232//57 13//71
f 13//71 615//56 222//72
f 13//71 614//73 237//74
f 237//74 314//70 13//71
f 303//45 315//75 14//76
f 315//75 237//74 14//76
f 14//76 614//73 229//77
f 14//76 621//47 303//45
f 316//78 234//64 15//79
f 15//79 617//63 224//80
f 15//79 616//54 305//52
f 305//52 316//78 15//79
f 317//81 236//69 16//82
f 16//82 619//68 226//83
f 16//82 618//61 307//59
f 307//59 317//81 16//82
f 17//84 599//84 198//84
f 17//84 598//84 205//84
f 17//84 605//84 204//84
f 17//84 604//84 203//84
f 17//84 603//84 202//84
f 17//84 602//84 201//84
f 17//84 601//84 200//84
f 17//84 600//84 199//84
f 226//83 247//85 18//86
f 18//86 627//87 242//88
f 18//86 626//89 246//90
f 246//90 226//83 18//86
f 228//48 249//91 19//92
f 19//92 629//93 244//94
f 19//92 628//95 248//96
f 248//96 228//48 19//92
f 223//55 251//97 20//98
f 20//98 624//99 239//100
f 20//98 623//101 250//102
f 250//102 223//55 20//98
f 225//62 246//90 21//103
f 21//103 626//89 241//104
f 21//103 625//105 252//106
f 252//106 225//62 21//103
f 227//67 248//96 22//107
f 22//107 628//95 243//108
f 22//107 627//87 247//85
f 247//85 227//67 22//107
f 222//72 250//102 23//109
f 23//109 623//101 238//110
f 23//109 622//111 253//112
f 253//112 222//72 23//109
f 249//91 229//77 24//113
f 229//77 253//112 24//113
f 24//113 622//111 245//114
f 24//113 629//93 249//91
f 224//80 252//106 25//115
f 25//115 625//105 240//116
f 25//115 624//99 251//97
f 251//97 224//80 25//115
f 243//108 263//117 26//118
f 26//118 636//119 259//120
f 26//118 635//121 262//122
f 262//122 243//108 26//118
f 238//110 265//123 27//124
f 27//124 631//125 254//126
f 27//124 630//127 264//128
f 264//128 238//110 27//124
f 266//129 245//114 28//130
f 245//114 264//128 28//130
f 28//130 630//127 261//131
f 28//130 637//132 266//129
f 240//116 268//133 29//134
f 29//134 633//135 256//136
f 29//134 632//137 267//138
f 267//138 240//116 29//134
f 242//88 262//122 30//139
f 30//139 635//121 258//140
f 30//139 634//141 269//142
f 269//142 242//88 30//139
f 244//94 266//129 31//143
f 31//143 637//132 260//144
f 31//143 636//119 263//117
f 263//117 244//94 31//143
f 239//100 267//138 32//145
f 32//145 632//137 255//146
f 32//145 631//125 265//123
f 265//123 239//100 32//145
f 241//104 269//142 33//147
f 33//147 634//141 257//148
f 33//147 633//135 268//133
f 268//133 241//104 33//147
f 294//149 287//150 34//151
f 287//150 276//152 34//151
f 276//152 278//153 34//151
f 278//153 294//149 34//151
f 295//154 289//155 35//156
f 289//155 271//157 35//156
f 271//157 280//158 35//156
f 280//158 295//154 35//156
f 296//159 291//160 36//161
f 291//160 273//162 36//161
f 273//162 282//163 36//161
f 282//163 296//159 36//161
f 297//164 278//153 37//165
f 278//153 275//166 37//165
f 275//166 284//167 37//165
f 284//167 297//164 37//165
f 298//168 280//158 38//169
f 280//158 270//170 38//169
f 270//170 285//171 38//169
f 285//171 298//168 38//169
f 287//150 299//172 39//173
f 299//172 285//171 39//173
f 285//171 277//174 39//173
f 277//174 287//150 39//173
f 300//175 282//163 40//176
f 282//163 272//177 40//176
f 272//177 289//155 40//176
f 289//155 300//175 40//176
f 301//178 284//167 41//179
f 284//167 274//180 41//179
f 274//180 291//160 41//179
f 291//160 301//178 41//179
f 260//144 279//181 42//182
f 42//182 647//183 294//149
f 42//182 646//184 286//185
f 286//185 260//144 42//182
f 255//146 281//186 43//187
f 43//187 649//188 295//154
f 43//187 648//189 288//190
f 288//190 255//146 43//187
f 257//148 283//191 44//192
f 44//192 651//193 296//159
f 44//192 650//194 290//195
f 290//195 257//148 44//192
f 259//120 286//185 45//196
f 45//196 646//184 297//164
f 45//196 652//197 292//198
f 292//198 259//120 45//196
f 254//126 288//190 46//199
f 46//199 648//189 298//168
f 46//199 653//200 293//201
f 293//201 254//126 46//199
f 279//181 261//131 47//202
f 261//131 293//201 47//202
f 47//202 653//200 299//172
f 47//202 647//183 279//181
f 256//136 290//195 48//203
f 48//203 650//194 300//175
f 48//203 649//188 281//186
f 281//186 256//136 48//203
f 258//140 292//198 49//204
f 49//204 652//197 301//178
f 49//204 651//193 283//191
f 283//191 258//140 49//204
f 212//12 231//205 50//206
f 50//206 655//207 310//44
f 50//206 654//208 302//209
f 302//209 212//12 50//206
f 207//19 233//210 51//211
f 51//211 657//212 311//51
f 51//211 656//213 304//214
f 304//214 207//19 51//211
f 209//25 235//215 52//216
f 52//216 659//217 312//58
f 52//216 658//218 306//219
f 306//219 209//25 52//216
f 211//31 302//209 53//220
f 53//220 654//208 313//65
f 53//220 660//221 308//222
f 308//222 211//31 53//220
f 206//34 304//214 54//223
f 54//223 656//213 314//70
f 54//223 661//224 309//225
f 309//225 206//34 54//223
f 231//205 213//40 55//226
f 213//40 309//225 55//226
f 55//226 661//224 315//75
f 55//226 655//207 231//205
f 208//43 306//219 56//227
f 56//227 658//218 316//78
f 56//227 657//212 233//210
f 233//210 208//43 56//227
f 210//5 308//222 57//228
f 57//228 660//221 317//81
f 57//228 659//217 235//215
f 235//215 210//5 57//228
f 58//229 643//230 327//231
f 327//231 322//232 58//229
f 322//232 326//233 58//229
f 58//229 642//234 274//180
f 59//235 645//236 329//237
f 329//237 324//238 59//235
f 324//238 328//239 59//235
f 59//235 644//240 276//152
f 60//241 640//242 331//243
f 331//243 319//244 60//241
f 319//244 330//245 60//241
f 60//241 639//246 271//157
f 61//247 642//234 326//233
f 326//233 321//248 61//247
f 321//248 332//249 61//247
f 61//247 641//250 273//162
f 62//251 644//240 328//239
f 328//239 323//252 62//251
f 323//252 327//231 62//251
f 62//251 643//230 275//166
f 63//253 639//246 330//245
f 330//245 318//254 63//253
f 318//254 333//255 63//253
f 63//253 638//256 270//170
f 64//257 645//236 277//174
f 64//257 638//256 333//255
f 333//255 325//258 64//257
f 325//258 329//237 64//257
f 65//259 641//250 332//249
f 332//249 320//260 65//259
f 320//260 331//243 65//259
f 65//259 640//242 272//177
f 66//261 669//262 325//258
f 66//261 662//263 342//264
f 66//261 670//265 341//266
f 66//261 677//267 343//268
f 67//269 665//270 345//271
f 67//269 673//272 336//273
f 67//269 672//274 344//275
f 67//269 664//276 320//260
f 68//277 667//278 347//279
f 68//277 675//280 338//281
f 68//277 674//282 346//283
f 68//277 666//284 322//232
f 69//285 669//262 343//268
f 69//285 677//267 340//286
f 69//285 676//287 348//288
f 69//285 668//289 324//238
f 70//290 664//276 344//275
f 70//290 672//274 335//291
f 70//290 671//292 349//293
f 70//290 663//294 319//244
f 71//295 666//284 346//283
f 71//295 674//282 337//296
f 71//295 673//272 345//271
f 71//295 665//270 321//248
f 72//297 668//289 348//288
f 72//297 676//287 339//298
f 72//297 675//280 347//279
f 72//297 667//278 323//252
f 73//299 663//294 349//293
f 73//299 671//292 334//300
f 73//299 670//265 342//264
f 73//299 662//263 318//254
f 337//296 359//301 74//302
f 74//302 682//303 353//304
f 74//302 681//305 358//306
f 358//306 337//296 74//302
f 339//298 361//307 75//308
f 75//308 684//309 355//310
f 75//308 683//311 360//312
f 360//312 339//298 75//308
f 334//300 363//313 76//314
f 76//314 679//315 350//316
f 76//314 678//317 362//318
f 362//318 334//300 76//314
f 364//319 341//266 77//320
f 341//266 362//318 77//320
f 77//320 678//317 357//321
f 77//320 685//322 364//319
f 336//273 358//306 78//323
f 78//323 681//305 352//324
f 78//323 680//325 365//326
f 365//326 336//273 78//323
f 338//281 360//312 79//327
f 79//327 683//311 354//328
f 79//327 682//303 359//301
f 359//301 338//281 79//327
f 340//286 364//319 80//329
f 80//329 685//322 356//330
f 80//329 684//309 361//307
f 361//307 340//286 80//329
f 335//291 365//326 81//331
f 81//331 680//325 351//332
f 81//331 679//315 363//313
f 363//313 335//291 81//331
f 351//332 375//333 82//334
f 82//334 688//335 367//336
f 82//334 687//337 374//338
f 374//338 351//332 82//334
f 353//304 377//339 83//340
f 83//340 690//341 369//342
f 83//340 689//343 376//344
f 376//344 353//304 83//340
f 355//310 379//345 84//346
f 84//346 692//347 371//348
f 84//346 691//349 378//350
f 378//350 355//310 84//346
f 350//316 374//338 85//351
f 85//351 687//337 366//352
f 85//351 686//353 380//354
f 380//354 350//316 85//351
f 381//355 357//321 86//356
f 357//321 380//354 86//356
f 86//356 686//353 373//357
f 86//356 693//358 381//355
f 352//324 376//344 87//359
f 87//359 689//343 368//360
f 87//359 688//335 375//333
f 375//333 352//324 87//359
f 354//328 378//350 88//361
f 88//361 691//349 370//362
f 88//361 690//341 377//339
f 377//339 354//328 88//361
f 356//330 381//355 89//363
f 89//363 693//358 372//364
f 89//363 692//347 379//345
f 379//345 356//330 89//363
f 368//360 391//365 90//366
f 90//366 697//367 384//368
f 90//366 696//369 390//370
f 390//370 368//360 90//366
f 370//362 393//371 91//372
f 91//372 699//373 386//374
f 91//372 698//375 392//376
f 392//376 370//362 91//372
f 372//364 395//377 92//378
f 92//378 701//379 388//380
f 92//378 700//381 394//382
f 394//382 372//364 92//378
f 367//336 390//370 93//383
f 93//383 696//369 383//384
f 93//383 695//385 396//386
f 396//386 367//336 93//383
f 369//342 392//376 94//387
f 94//387 698//375 385//388
f 94//387 697//367 391//365
f 391//365 369//342 94//387
f 371//348 394//382 95//389
f 95//389 700//381 387//390
f 95//389 699//373 393//371
f 393//371 371//348 95//389
f 366//352 396//386 96//391
f 96//391 695//385 382//392
f 96//391 694//393 397//394
f 397//394 366//352 96//391
f 395//377 373//357 97//395
f 373//357 397//394 97//395
f 97//395 694//393 389//396
f 97//395 701//379 395//377
f 385//388 407//397 98//398
f 407//397 401//399 98//398
f 401//399 406//400 98//398
f 406//400 385//388 98//398
f 387//390 409//401 99//402
f 409//401 403//403 99//402
f 403//403 408//404 99//402
f 408//404 387//390 99//402
f 382//392 411//405 100//406
f 411//405 398//407 100//406
f 398//407 410//408 100//406
f 410//408 382//392 100//406
f 412//409 389//396 101//410
f 389//396 410//408 101//410
f 410//408 405//411 101//410
f 405//411 412//409 101//410
f 384//368 406//400 102//412
f 406//400 400//413 102//412
f 400//413 413//414 102//412
f 413//414 384//368 102//412
f 386//374 408//404 103//415
f 408//404 402//416 103//415
f 402//416 407//397 103//415
f 407//397 386//374 103//415
f 388//380 412//409 104//417
f 412//409 404//418 104//417
f 404//418 409//401 104//417
f 409//401 388//380 104//417
f 383//384 413//414 105//419
f 413//414 399//420 105//419
f 399//420 411//405 105//419
f 411//405 383//384 105//419
f 106//421 707//422 423//423
f 423//423 418//424 106//421
f 418//424 422//425 106//421
f 106//421 706//426 402//416
f 107//427 709//428 425//429
f 425//429 420//430 107//427
f 420//430 424//431 107//427
f 107//427 708//432 404//418
f 108//433 704//434 427//435
f 427//435 415//436 108//433
f 415//436 426//437 108//433
f 108//433 703//438 399//420
f 109//439 706//426 422//425
f 422//425 417//440 109//439
f 417//440 428//441 109//439
f 109//439 705//442 401//399
f 110//443 708//432 424//431
f 424//431 419//444 110//443
f 419//444 423//423 110//443
f 110//443 707//422 403//403
f 111//445 703//438 426//437
f 426//437 414//446 111//445
f 414//446 429//447 111//445
f 111//445 702//448 398//407
f 112//449 709//428 405//411
f 112//449 702//448 429//447
f 429//447 421//450 112//449
f 421//450 425//429 112//449
f 113//451 705//442 428//441
f 428//441 416//452 113//451
f 416//452 427//435 113//451
f 113//451 704//434 400//413
f 114//453 716//454 439//455
f 114//453 724//456 435//457
f 114//453 723//458 438//459
f 114//453 715//460 419//444
f 115//461 711//462 441//463
f 115//461 719//464 430//465
f 115//461 718//466 440//467
f 115//461 710//468 414//446
f 116//469 717//470 421//450
f 116//469 710//468 440//467
f 116//469 718//466 437//471
f 116//469 725//472 442//473
f 117//474 713//475 444//476
f 117//474 721//477 432//478
f 117//474 720//479 443//480
f 117//474 712//481 416//452
f 118//482 715//460 438//459
f 118//482 723//458 434//483
f 118//482 722//484 445//485
f 118//482 714//486 418//424
f 119//487 717//470 442//473
f 119//487 725//472 436//488
f 119//487 724//456 439//455
f 119//487 716//454 420//430
f 120//489 712//481 443//480
f 120//489 720//479 431//490
f 120//489 719//464 441//463
f 120//489 711//462 415//436
f 121//491 714//486 445//485
f 121//491 722//484 433//492
f 121//491 721//477 444//476
f 121//491 713//475 417//440
f 436//488 455//493 122//494
f 122//494 832//495 833//495
f 122//494 830//495 454//496
f 454//496 436//488 122//494
f 431//490 457//497 123//498
f 123//498 822//495 823//495
f 123//498 819//495 456//499
f 456//499 431//490 123//498
f 433//492 459//500 124//501
f 124//501 826//495 827//495
f 124//501 824//495 458//502
f 458//502 433//492 124//501
f 435//457 454//496 125//503
f 125//503 830//495 831//495
f 125//503 828//495 460//504
f 460//504 435//457 125//503
f 430//465 456//499 126//505
f 126//505 819//495 820//495
f 126//505 821//495 461//506
f 461//506 430//465 126//505
f 455//493 437//471 127//507
f 437//471 461//506 127//507
f 127//507 821//495 834//495
f 127//507 832//495 455//493
f 432//478 458//502 128//508
f 128//508 824//495 825//495
f 128//508 822//495 457//497
f 457//497 432//478 128//508
f 434//483 460//504 129//509
f 129//509 828//495 829//495
f 129//509 826//495 459//500
f 459//500 434//483 129//509
f 130//510 733//511 453//512
f 130//510 726//513 470//514
f 470//514 850//515 130//510
f 850//515 471//516 130//510
f 131//517 729//518 473//519
f 473//519 841//520 131//517
f 841//520 472//521 131//517
f 131//517 728//522 448//523
f 132//524 731//525 475//526
f 475//526 845//527 132//524
f 845//527 474//528 132//524
f 132//524 730//529 450//530
f 133//531 733//511 471//516
f 471//516 849//532 133//531
f 849//532 476//533 133//531
f 133//531 732//534 452//535
f 134//536 728//522 472//521
f 472//521 839//537 134//536
f 839//537 477//538 134//536
f 134//536 727//539 447//540
f 135//541 730//529 474//528
f 474//528 843//542 135//541
f 843//542 473//519 135//541
f 135//541 729//518 449//543
f 136//544 732//534 476//533
f 476//533 847//545 136//544
f 847//545 475//526 136//544
f 136//544 731//525 451//546
f 137//547 727//539 477//538
f 477//538 836//548 137//547
f 836//548 470//514 137//547
f 137//547 726//513 446//549
f 465//550 487//551 138//552
f 138//552 746//553 481//554
f 138//552 745//555 486//556
f 486//556 465//550 138//552
f 467//557 489//558 139//559
f 139//559 748//560 483//561
f 139//559 747//562 488//563
f 488//563 467//557 139//559
f 462//564 491//565 140//566
f 140//566 743//567 478//568
f 140//566 742//569 490//570
f 490//570 462//564 140//566
f 492//571 469//572 141//573
f 469//572 490//570 141//573
f 141//573 742//569 485//574
f 141//573 749//575 492//571
f 464//576 486//556 142//577
f 142//577 745//555 480//578
f 142//577 744//579 493//580
f 493//580 464//576 142//577
f 466//581 488//563 143//582
f 143//582 747//562 482//583
f 143//582 746//553 487//551
f 487//551 466//581 143//582
f 468//584 492//571 144//585
f 144//585 749//575 484//586
f 144//585 748//560 489//558
f 489//558 468//584 144//585
f 463//587 493//580 145//588
f 145//588 744//579 479//589
f 145//588 743//567 491//565
f 491//565 463//587 145//588
f 482//583 503//590 146//591
f 146//591 755//592 498//593
f 146//591 754//594 502//595
f 502//595 482//583 146//591
f 484//586 505//596 147//597
f 147//597 757//598 500//599
f 147//597 756//600 504//601
f 504//601 484//586 147//597
f 479//589 507//602 148//603
f 148//603 752//604 495//605
f 148//603 751//606 506//607
f 506//607 479//589 148//603
f 481//554 502//595 149//608
f 149//608 754//594 497//609
f 149//608 753//610 508//611
f 508//611 481//554 149//608
f 483//561 504//601 150//612
f 150//612 756//600 499//613
f 150//612 755//592 503//590
f 503//590 483//561 150//612
f 478//568 506//607 151//614
f 151//614 751//606 494//615
f 151//614 750//616 509//617
f 509//617 478//568 151//614
f 505//596 485//574 152//618
f 485//574 509//617 152//618
f 152//618 750//616 501//619
f 152//618 757//598 505//596
f 480//578 508//611 153//620
f 153//620 753//610 496//621
f 153//620 752//604 507//602
f 507//602 480//578 153//620
f 498//593 519//622 154//623
f 154//623 763//624 514//625
f 154//623 762//626 518//627
f 518//627 498//593 154//623
f 500//599 521//628 155//629
f 155//629 765//630 516//631
f 155//629 764//632 520//633
f 520//633 500//599 155//629
f 495//605 523//634 156//635
f 156//635 760//636 511//637
f 156//635 759//638 522//639
f 522//639 495//605 156//635
f 497//609 518//627 157//640
f 157//640 762//626 513//641
f 157//640 761//642 524//643
f 524//643 497//609 157//640
f 499//613 520//633 158//644
f 158//644 764//632 515//645
f 158//644 763//624 519//622
f 519//622 499//613 158//644
f 494//615 522//639 159//646
f 159//646 759//638 510//647
f 159//646 758//648 525//649
f 525//649 494//615 159//646
f 521//628 501//619 160//650
f 501//619 525//649 160//650
f 160//650 758//648 517//651
f 160//650 765//630 521//628
f 496//621 524//643 161//652
f 161//652 761//642 512//653
f 161//652 760//636 523//634
f 523//634 496//621 161//652
f 515//645 535//654 162//655
f 535//654 863//29 162//655
f 863//29 534//656 162//655
f 534//656 515//645 162//655
f 510//647 537//657 163//658
f 537//657 852//32 163//658
f 852//32 536//659 163//658
f 536//659 510//647 163//658
f 538//660 517//651 164//661
f 517//651 536//659 164//661
f 536//659 866//38 164//661
f 866//38 538//660 164//661
f 512//653 540//662 165//663
f 540//662 857//41 165//663
f 165//663 854//16 539//664
f 539//664 512//653 165//663
f 514//625 534//656 166//665
f 534//656 861//1 166//665
f 861//1 541//666 166//665
f 541//666 514//625 166//665
f 516//631 538//660 167//667
f 538//660 865//8 167//667
f 865//8 535//654 167//667
f 535//654 516//631 167//667
f 511//637 539//664 168//668
f 539//664 855//22 168//668
f 855//22 537//657 168//668
f 537//657 511//637 168//668
f 513//641 541//666 169//669
f 169//669 858//24 859//28
f 859//28 540//662 169//669
f 540//662 513//641 169//669
f 555//670 558//671 170//672
f 558//671 543//673 170//672
f 170//672 775//674 544//675
f 170//672 774//676 555//670
f 543//673 559//677 171//678
f 559//677 547//679 171//678
f 547//679 548//680 171//678
f 548//680 543//673 171//678
f 547//679 560//681 172//682
f 560//681 550//683 172//682
f 172//682 777//684 551//685
f 172//682 776//686 547//679
f 550//683 561//687 173//688
f 561//687 555//670 173//688
f 555//670 553//689 173//688
f 553//689 550//683 173//688
f 590//690 593//691 174//692
f 174//692 799//693 587//694
f 174//692 779//695 542//696
f 174//692 798//697 590//690
f 175//698 797//699 581//700
f 175//698 795//701 582//702
f 582//702 576//703 175//698
f 576//703 583//704 175//698
f 575//705 567//706 176//707
f 567//706 577//708 176//707
f 176//707 784//709 559//677
f 176//707 782//710 575//705
f 177//711 789//712 564//713
f 177//711 786//714 573//715
f 573//715 577//708 177//711
f 577//708 571//716 177//711
f 574//717 566//718 178//719
f 566//718 576//703 178//719
f 178//719 783//720 561//687
f 178//719 785//721 574//717
f 570//722 560//681 179//723
f 560//681 573//715 179//723
f 179//723 786//714 565//724
f 179//723 787//725 570//722
f 180//726 780//727 588//728
f 588//728 549//729 180//726
f 180//726 781//730 557//731
f 557//731 569//732 180//726
f 569//732 556//733 180//726
f 557//731 589//734 181//735
f 181//735 801//736 552//737
f 552//737 545//738 181//735
f 545//738 566//718 181//735
f 566//718 557//731 181//735
f 554//739 587//694 182//740
f 182//740 799//693 546//741
f 546//741 556//733 182//740
f 556//733 567//706 182//740
f 567//706 554//739 182//740
f 183//742 789//712 563//743
f 183//742 788//744 562//745
f 183//742 787//725 565//724
f 183//742 786//714 564//713
f 184//746 778//747 586//748
f 586//748 542//696 184//746
f 184//746 779//695 554//739
f 554//739 568//749 184//746
f 568//749 545//738 184//746
f 572//750 574//717 185//751
f 574//717 570//722 185//751
f 185//751 787//725 562//745
f 185//751 788//744 572//750
f 186//752 788//744 563//743
f 186//752 789//712 571//716
f 571//716 569//732 186//752
f 569//732 572//750 186//752
f 187//16 797//699 579//753
f 187//16 796//754 580//755
f 187//16 794//756 578//757
f 187//16 795//701 581//700
f 584//758 558//671 188//759
f 558//671 582//702 188//759
f 188//759 795//701 578//757
f 188//759 794//756 584//758
f 189//760 796//754 579//753
f 189//760 797//699 583//704
f 583//704 568//749 189//760
f 568//749 585//761 189//760
f 585//761 575//705 190//762
f 575//705 584//758 190//762
f 190//762 794//756 580//755
f 190//762 796//754 585//761
f 191//763 801//736 592//764
f 592//764 590//690 191//763
f 191//763 798//697 586//748
f 191//763 778//747 552//737
f 192//765 781//730 549//729
f 192//765 800//766 591//767
f 591//767 592//764 192//765
f 192//765 801//736 589//734
f 193//768 800//766 588//728
f 193//768 780//727 546//741
f 193//768 799//693 593//691
f 593//691 591//767 193//768
f 530//495 595//769 194//770
f 595//769 553//689 194//770
f 553//689 594//771 194//770
f 594//771 529//495 194//770
f 194//770 770//495 530//495
f 528//495 594//771 195//772
f 195//772 774//676 544//675
f 195//772 775//674 596//773
f 596//773 527//495 195//772
f 195//772 768//495 528//495
f 596//773 548//680 196//774
f 548//680 597//775 196//774
f 597//775 533//495 196//774
f 196//774 766//495 526//495
f 526//495 596//773 196//774
f 532//495 597//775 197//776
f 197//776 776//686 551//685
f 197//776 777//684 595//769
f 595//769 531//495 197//776
f 197//776 772//495 532//495
f 813//1 812//777 215//2
f 1//3 215//2 611//4
f 1//3 210//5 610//6
f 214//7 810//24 813//1
f 817//8 816//778 217//9
f 2//10 217//9 613//11
f 2//10 212//12 612//13
f 216//14 814//742 817//8
f 3//15 807//22 806//16
f 3//15 219//17 608//18
f 3//15 207//19 607//20
f 218//21 803//779 807//22
f 4//23 811//28 810//24
f 4//23 214//7 610//6
f 4//23 209//25 609//26
f 220//27 808//780 811//28
f 815//29 814//742 216//14
f 5//30 216//14 612//13
f 5//30 211//31 611//4
f 215//2 812//777 815//29
f 804//32 803//779 218//21
f 6//33 218//21 607//20
f 6//33 206//34 606//35
f 6//33 221//36 805//37
f 217//9 816//778 818//38
f 818//38 805//37 221//36
f 7//39 221//36 606//35
f 7//39 213//40 613//11
f 809//41 808//780 220//27
f 8//42 220//27 609//26
f 8//42 208//43 608//18
f 219//17 806//16 809//41
f 310//44 655//207 303//45
f 9//46 303//45 621//47
f 9//46 228//48 620//49
f 230//50 654//208 310//44
f 311//51 657//212 305//52
f 10//53 305//52 616//54
f 10//53 223//55 615//56
f 232//57 656//213 311//51
f 312//58 659//217 307//59
f 11//60 307//59 618//61
f 11//60 225//62 617//63
f 234//64 658//218 312//58
f 313//65 654//208 230//50
f 12//66 230//50 620//49
f 12//66 227//67 619//68
f 236//69 660//221 313//65
f 314//70 656//213 232//57
f 13//71 232//57 615//56
f 13//71 222//72 614//73
f 237//74 661//224 314//70
f 303//45 655//207 315//75
f 315//75 661//224 237//74
f 14//76 237//74 614//73
f 14//76 229//77 621//47
f 316//78 658//218 234//64
f 15//79 234//64 617//63
f 15//79 224//80 616//54
f 305//52 657//212 316//78
f 317//81 660//221 236//69
f 16//82 236//69 619//68
f 16//82 226//83 618//61
f 307//59 659//217 317//81
f 17//84 199//84 599//84
f 17//84 198//84 598//84
f 17//84 205//84 605//84
f 17//84 204//84 604//84
f 17//84 203//84 603//84
f 17//84 202//84 602//84
f 17//84 201//84 601//84
f 17//84 200//84 600//84
f 226//83 619//68 247//85
f 18//86 247//85 627//87
f 18//86 242//88 626//89
f 246//90 618//61 226//83
f 228//48 621//47 249//91
f 19//92 249//91 629//93
f 19//92 244//94 628//95
f 248//96 620//49 228//48
f 223//55 616//54 251//97
f 20//98 251//97 624//99
f 20//98 239//100 623//101
f 250//102 615//56 223//55
f 225//62 618//61 246//90
f 21//103 246//90 626//89
f 21//103 241//104 625//105
f 252//106 617//63 225//62
f 227//67 620//49 248//96
f 22//107 248//96 628//95
f 22//107 243//108 627//87
f 247//85 619//68 227//67
f 222//72 615//56 250//102
f 23//109 250//102 623//101
f 23//109 238//110 622//111
f 253//112 614//73 222//72
f 249//91 621//47 229//77
f 229//77 614//73 253//112
f 24//113 253//112 622//111
f 24//113 245//114 629//93
f 224//80 617//63 252//106
f 25//115 252//106 625//105
f 25//115 240//116 624//99
f 251//97 616//54 224//80
f 243//108 628//95 263//117
f 26//118 263//117 636//119
f 26//118 259//120 635//121
f 262//122 627//87 243//108
f 238//110 623//101 265//123
f 27//124 265//123 631//125
f 27//124 254//126 630//127
f 264//128 622//111 238//110
f 266//129 629//93 245//114
f 245//114 622//111 264//128
f 28//130 264//128 630//127
f 28//130 261//131 637//132
f 240//116 625//105 268//133
f 29//134 268//133 633//135
f 29//134 256//136 632//137
f 267//138 624//99 240//116
f 242//88 627//87 262//122
f 30//139 262//122 635//121
f 30//139 258//140 634//141
f 269//142 626//89 242//88
f 244//94 629//93 266//129
f 31//143 266//129 637//132
f 31//143 260//144 636//119
f 263//117 628//95 244//94
f 239//100 624//99 267//138
f 32//145 267//138 632//137
f 32//145 255//146 631//125
f 265//123 623//101 239//100
f 241//104 626//89 269//142
f 33//147 269//142 634//141
f 33//147 257//148 633//135
f 268//133 625//105 241//104
f 294//149 647//183 287//150
f 287//150 645//236 276//152
f 276//152 644//240 278//153
f 278//153 646//184 294//149
f 295//154 649//188 289//155
f 289//155 640//242 271//157
f 271//157 639//246 280//158
f 280//158 648//189 295//154
f 296//159 651//193 291//160
f 291//160 642//234 273//162
f 273//162 641//250 282//163
f 282//163 650//194 296//159
f 297//164 646//184 278//153
f 278//153 644//240 275//166
f 275//166 643//230 284//167
f 284//167 652//197 297//164
f 298//168 648//189 280//158
f 280//158 639//246 270//170
f 270//170 638//256 285//171
f 285//171 653//200 298//168
f 287//150 647//183 299//172
f 299//172 653//200 285//171
f 285//171 638//256 277//174
f 277//174 645//236 287//150
f 300//175 650//194 282//163
f 282//163 641//250 272//177
f 272//177 640//242 289//155
f 289//155 649//188 300//175
f 301//178 652//197 284//167
f 284//167 643//230 274//180
f 274//180 642//234 291//160
f 291//160 651//193 301//178
f 260//144 637//132 279//181
f 42//182 279//181 647//183
f 42//182 294//149 646//184
f 286//185 636//119 260//144
f 255//146 632//137 281//186
f 43//187 281//186 649//188
f 43//187 295//154 648//189
f 288//190 631//125 255//146
f 257//148 634//141 283//191
f 44//192 283//191 651//193
f 44//192 296//159 650//194
f 290//195 633//135 257//148
f 259//120 636//119 286//185
f 45//196 286//185 646//184
f 45//196 297//164 652//197
f 292//198 635//121 259//120
f 254//126 631//125 288//190
f 46//199 288//190 648//189
f 46//199 298//168 653//200
f 293//201 630//127 254//126
f 279//181 637//132 261//131
f 261//131 630//127 293//201
f 47//202 293//201 653//200
f 47//202 299//172 647//183
f 256//136 633//135 290//195
f 48//203 290//195 650//194
f 48//203 300//175 649//188
f 281//186 632//137 256//136
f 258//140 635//121 292//198
f 49//204 292//198 652//197
f 49//204 301//178 651//193
f 283//191 634//141 258//140
f 212//12 613//11 231//205
f 50//206 231//205 655//207
f 50//206 310//44 654//208
f 302//209 612//13 212//12
f 207//19 608//18 233//210
f 51//211 233//210 657//212
f 51//211 311//51 656//213
f 304//214 607//20 207//19
f 209//25 610//6 235//215
f 52//216 235//215 659//217
f 52//216 312//58 658//218
f 306//219 609//26 209//25
f 211//31 612//13 302//209
f 53//220 302//209 654//208
f 53//220 313//65 660//221
f 308//222 611//4 211//31
f 206//34 607//20 304//214
f 54//223 304//214 656//213
f 54//223 314//70 661//224
f 309//225 606//35 206//34
f 231//205 613//11 213//40
f 213//40 606//35 309//225
f 55//226 309//225 661//224
f 55//226 315//75 655//207
f 208//43 609//26 306//219
f 56//227 306//219 658//218
f 56//227 316//78 657//212
f 233//210 608//18 208//43
f 210//5 611//4 308//222
f 57//228 308//222 660//221
f 57//228 317//81 659//217
f 235//215 610//6 210//5
f 58//229 274//180 643//230
f 327//231 667//278 322//232
f 322//232 666//284 326//233
f 58//229 326//233 642//234
f 59//235 276//152 645//236
f 329//237 669//262 324//238
f 324//238 668//289 328//239
f 59//235 328//239 644//240
f 60//241 271//157 640//242
f 331//243 664//276 319//244
f 319//244 663//294 330//245
f 60//241 330//245 639//246
f 61//247 273//162 642//234
f 326//233 666//284 321//248
f 321//248 665//270 332//249
f 61//247 332//249 641//250
f 62//251 275//166 644//240
f 328//239 668//289 323//252
f 323//252 667//278 327//231
f 62//251 327//231 643//230
f 63//253 270//170 639//246
f 330//245 663//294 318//254
f 318//254 662//263 333//255
f 63//253 333//255 638//256
f 64//257 329//237 645//236
f 64//257 277//174 638//256
f 333//255 662//263 325//258
f 325//258 669//262 329//237
f 65//259 272//177 641//250
f 332//249 665//270 320//260
f 320//260 664//276 331//243
f 65//259 331//243 640//242
f 66//261 343//268 669//262
f 66//261 325//258 662//263
f 66//261 342//264 670//265
f 66//261 341//266 677//267
f 67//269 320//260 665//270
f 67//269 345//271 673//272
f 67//269 336//273 672//274
f 67//269 344//275 664//276
f 68//277 322//232 667//278
f 68//277 347//279 675//280
f 68//277 338//281 674//282
f 68//277 346//283 666//284
f 69//285 324//238 669//262
f 69//285 343//268 677//267
f 69//285 340//286 676//287
f 69//285 348//288 668//289
f 70//290 319//244 664//276
f 70//290 344//275 672//274
f 70//290 335//291 671//292
f 70//290 349//293 663//294
f 71//295 321//248 666//284
f 71//295 346//283 674//282
f 71//295 337//296 673//272
f 71//295 345//271 665//270
f 72//297 323//252 668//289
f 72//297 348//288 676//287
f 72//297 339//298 675//280
f 72//297 347//279 667//278
f 73//299 318//254 663//294
f 73//299 349//293 671//292
f 73//299 334//300 670//265
f 73//299 342//264 662//263
f 337//296 674//282 359//301
f 74//302 359//301 682//303
f 74//302 353//304 681//305
f 358//306 673//272 337//296
f 339//298 676//287 361//307
f 75//308 361//307 684//309
f 75//308 355//310 683//311
f 360//312 675//280 339//298
f 334//300 671//292 363//313
f 76//314 363//313 679//315
f 76//314 350//316 678//317
f 362//318 670//265 334//300
f 364//319 677//267 341//266
f 341//266 670//265 362//318
f 77//320 362//318 678//317
f 77//320 357//321 685//322
f 336//273 673//272 358//306
f 78//323 358//306 681//305
f 78//323 352//324 680//325
f 365//326 672//274 336//273
f 338//281 675//280 360//312
f 79//327 360//312 683//311
f 79//327 354//328 682//303
f 359//301 674//282 338//281
f 340//286 677//267 364//319
f 80//329 364//319 685//322
f 80//329 356//330 684//309
f 361//307 676//287 340//286
f 335//291 672//274 365//326
f 81//331 365//326 680//325
f 81//331 351//332 679//315
f 363//313 671//292 335//291
f 351//332 680//325 375//333
f 82//334 375//333 688//335
f 82//334 367//336 687//337
f 374//338 679//315 351//332
f 353//304 682//303 377//339
f 83//340 377//339 690//341
f 83//340 369//342 689//343
f 376//344 681//305 353//304
f 355//310 684//309 379//345
f 84//346 379//345 692//347
f 84//346 371//348 691//349
f 378//350 683//311 355//310
f 350//316 679//315 374//338
f 85//351 374//338 687//337
f 85//351 366//352 686//353
f 380//354 678//317 350//316
f 381//355 685//322 357//321
f 357//321 678//317 380//354
f 86//356 380//354 686//353
f 86//356 373//357 693//358
f 352//324 681//305 376//344
f 87//359 376//344 689//343
f 87//359 368//360 688//335
f 375//333 680//325 352//324
f 354//328 683//311 378//350
f 88//361 378//350 691//349
f 88//361 370//362 690//341
f 377//339 682//303 354//328
f 356//330 685//322 381//355
f 89//363 381//355 693//358
f 89//363 372//364 692//347
f 379//345 684//309 356//330
f 368//360 689//343 391//365
f 90//366 391//365 697//367
f 90//366 384//368 696//369
f 390//370 688//335 368//360
f 370//362 691//349 393//371
f 91//372 393//371 699//373
f 91//372 386//374 698//375
f 392//376 690//341 370//362
f 372//364 693//358 395//377
f 92//378 395//377 701//379
f 92//378 388//380 700//381
f 394//382 692//347 372//364
f 367//336 688//335 390//370
f 93//383 390//370 696//369
f 93//383 383//384 695//385
f 396//386 687//337 367//336
f 369//342 690//341 392//376
f 94//387 392//376 698//375
f 94//387 385//388 697//367
f 391//365 689//343 369//342
f 371//348 692//347 394//382
f 95//389 394//382 700//381
f 95//389 387//390 699//373
f 393//371 691//349 371//348
f 366//352 687//337 396//386
f 96//391 396//386 695//385
f 96//391 382//392 694//393
f 397//394 686//353 366//352
f 395//377 693//358 373//357
f 373//357 686//353 397//394
f 97//395 397//394 694//393
f 97//395 389//396 701//379
f 385//388 698//375 407//397
f 407//397 706//426 401//399
f 401//399 705//442 406//400
f 406//400 697//367 385//388
f 387//390 700//381 409//401
f 409//401 708//432 403//403
f 403//403 707//422 408//404
f 408//404 699//373 387//390
f 382//392 695//385 411//405
f 411//405 703//438 398//407
f 398//407 702//448 410//408
f 410//408 694//393 382//392
f 412//409 701//379 389//396
f 389//396 694//393 410//408
f 410//408 702//448 405//411
f 405//411 709//428 412//409
f 384//368 697//367 406//400
f 406//400 705//442 400//413
f 400//413 704//434 413//414
f 413//414 696//369 384//368
f 386//374 699//373 408//404
f 408//404 707//422 402//416
f 402//416 706//426 407//397
f 407//397 698//375 386//374
f 388//380 701//379 412//409
f 412//409 709//428 404//418
f 404//418 708//432 409//401
f 409//401 700//381 388//380
f 383//384 696//369 413//414
f 413//414 704//434 399//420
f 399//420 703//438 411//405
f 411//405 695//385 383//384
f 106//421 402//416 707//422
f 423//423 715//460 418//424
f 418//424 714//486 422//425
f 106//421 422//425 706//426
f 107//427 404//418 709//428
f 425//429 717//470 420//430
f 420//430 716//454 424//431
f 107//427 424//431 708//432
f 108//433 399//420 704//434
f 427//435 712//481 415//436
f 415//436 711//462 426//437
f 108//433 426//437 703//438
f 109//439 401//399 706//426
f 422//425 714//486 417//440
f 417//440 713//475 428//441
f 109//439 428//441 705//442
f 110//443 403//403 708//432
f 424//431 716//454 419//444
f 419//444 715//460 423//423
f 110//443 423//423 707//422
f 111//445 398//407 703//438
f 426//437 711//462 414//446
f 414//446 710//468 429//447
f 111//445 429//447 702//448
f 112//449 425//429 709//428
f 112//449 405//411 702//448
f 429//447 710//468 421//450
f 421//450 717//470 425//429
f 113//451 400//413 705//442
f 428//441 713//475 416//452
f 416//452 712//481 427//435
f 113//451 427//435 704//434
f 114//453 419//444 716//454
f 114//453 439//455 724//456
f 114//453 435//457 723//458
f 114//453 438//459 715//460
f 115//461 414//446 711//462
f 115//461 441//463 719//464
f 115//461 430//465 718//466
f 115//461 440//467 710//468
f 116//469 442//473 717//470
f 116//469 421//450 710//468
f 116//469 440//467 718//466
f 116//469 437//471 725//472
f 117//474 416//452 713//475
f 117//474 444//476 721//477
f 117//474 432//478 720//479
f 117//474 443//480 712//481
f 118//482 418//424 715//460
f 118//482 438//459 723//458
f 118//482 434//483 722//484
f 118//482 445//485 714//486
f 119//487 420//430 717//470
f 119//487 442//473 725//472
f 119//487 436//488 724//456
f 119//487 439//455 716//454
f 120//489 415//436 712//481
f 120//489 443//480 720//479
f 120//489 431//490 719//464
f 120//489 441//463 711//462
f 121//491 417//440 714//486
f 121//491 445//485 722//484
f 121//491 433//492 721//477
f 121//491 444//476 713//475
f 436//488 725//472 455//493
f 122//494 455//493 832//495
f 122//494 833//495 830//495
f 454//496 724//456 436//488
f 431//490 720//479 457//497
f 123//498 457//497 822//495
f 123//498 823//495 819//495
f 456//499 719//464 431//490
f 433//492 722//484 459//500
f 124//501 459//500 826//495
f 124//501 827//495 824//495
f 458//502 721//477 433//492
f 435//457 724//456 454//496
f 125//503 454//496 830//495
f 125//503 831//495 828//495
f 460//504 723//458 435//457
f 430//465 719//464 456//499
f 126//505 456//499 819//495
f 126//505 820//495 821//495
f 461//506 718//466 430//465
f 455//493 725//472 437//471
f 437//471 718//466 461//506
f 127//507 461//506 821//495
f 127//507 834//495 832//495
f 432//478 721//477 458//502
f 128//508 458//502 824//495
f 128//508 825//495 822//495
f 457//497 720//479 432//478
f 434//483 723//458 460//504
f 129//509 460//504 828//495
f 129//509 829//495 826//495
f 459//500 722//484 434//483
f 130//510 471//516 733//511
f 130//510 453//512 726//513
f 470//514 837//781 850//515
f 850//515 848//782 471//516
f 131//517 448//523 729//518
f 473//519 840//783 841//520
f 841//520 838//784 472//521
f 131//517 472//521 728//522
f 132//524 450//530 731//525
f 475//526 844//785 845//527
f 845//527 842//786 474//528
f 132//524 474//528 730//529
f 133//531 452//535 733//511
f 471//516 848//782 849//532
f 849//532 846//787 476//533
f 133//531 476//533 732//534
f 134//536 447//540 728//522
f 472//521 838//784 839//537
f 839//537 835//788 477//538
f 134//536 477//538 727//539
f 135//541 449//543 730//529
f 474//528 842//786 843//542
f 843//542 840//783 473//519
f 135//541 473//519 729//518
f 136//544 451//546 732//534
f 476//533 846//787 847//545
f 847//545 844//785 475//526
f 136//544 475//526 731//525
f 137//547 446//549 727//539
f 477//538 835//788 836//548
f 836//548 837//781 470//514
f 137//547 470//514 726//513
f 465//550 738//789 487//551
f 138//552 487//551 746//553
f 138//552 481//554 745//555
f 486//556 737//790 465//550
f 467//557 740//791 489//558
f 139//559 489//558 748//560
f 139//559 483//561 747//562
f 488//563 739//792 467//557
f 462//564 735//793 491//565
f 140//566 491//565 743//567
f 140//566 478//568 742//569
f 490//570 734//794 462//564
f 492//571 741//795 469//572
f 469//572 734//794 490//570
f 141//573 490//570 742//569
f 141//573 485//574 749//575
f 464//576 737//790 486//556
f 142//577 486//556 745//555
f 142//577 480//578 744//579
f 493//580 736//796 464//576
f 466//581 739//792 488//563
f 143//582 488//563 747//562
f 143//582 482//583 746//553
f 487//551 738//789 466//581
f 468//584 741//795 492//571
f 144//585 492//571 749//575
f 144//585 484//586 748//560
f 489//558 740//791 468//584
f 463//587 736//796 493//580
f 145//588 493//580 744//579
f 145//588 479//589 743//567
f 491//565 735//793 463//587
f 482//583 747//562 503//590
f 146//591 503//590 755//592
f 146//591 498//593 754//594
f 502//595 746//553 482//583
f 484//586 749//575 505//596
f 147//597 505//596 757//598
f 147//597 500//599 756//600
f 504//601 748//560 484//586
f 479//589 744//579 507//602
f 148//603 507//602 752//604
f 148//603 495//605 751//606
f 506//607 743//567 479//589
f 481//554 746//553 502//595
f 149//608 502//595 754//594
f 149//608 497//609 753//610
f 508//611 745//555 481//554
f 483//561 748//560 504//601
f 150//612 504//601 756//600
f 150//612 499//613 755//592
f 503//590 747//562 483//561
f 478//568 743//567 506//607
f 151//614 506//607 751//606
f 151//614 494//615 750//616
f 509//617 742//569 478//568
f 505//596 749//575 485//574
f 485//574 742//569 509//617
f 152//618 509//617 750//616
f 152//618 501//619 757//598
f 480//578 745//555 508//611
f 153//620 508//611 753//610
f 153//620 496//621 752//604
f 507//602 744//579 480//578
f 498//593 755//592 519//622
f 154//623 519//622 763//624
f 154//623 514//625 762//626
f 518//627 754//594 498//593
f 500//599 757//598 521//628
f 155//629 521//628 765//630
f 155//629 516//631 764//632
f 520//633 756//600 500//599
f 495//605 752//604 523//634
f 156//635 523//634 760//636
f 156//635 511//637 759//638
f 522//639 751//606 495//605
f 497//609 754//594 518//627
f 157//640 518//627 762//626
f 157//640 513//641 761//642
f 524//643 753//610 497//609
f 499//613 756//600 520//633
f 158//644 520//633 764//632
f 158//644 515//645 763//624
f 519//622 755//592 499//613
f 494//615 751//606 522//639
f 159//646 522//639 759//638
f 159//646 510//647 758//648
f 525//649 750//616 494//615
f 521//628 757//598 501//619
f 501//619 750//616 525//649
f 160//650 525//649 758//648
f 160//650 517//651 765//630
f 496//621 753//610 524//643
f 161//652 524//643 761//642
f 161//652 512//653 760//636
f 523//634 752//604 496//621
f 515//645 764//632 535//654
f 535//654 862//742 863//29
f 863//29 860//777 534//656
f 534//656 763//624 515//645
f 510//647 759//638 537//657
f 537//657 851//779 852//32
f 852//32 853//37 536//659
f 536//659 758//648 510//647
f 538//660 765//630 517//651
f 517//651 758//648 536//659
f 536//659 853//37 866//38
f 866//38 864//778 538//660
f 512//653 761//642 540//662
f 540//662 856//780 857//41
f 165//663 857//41 854//16
f 539//664 760//636 512//653
f 514//625 763//624 534//656
f 534//656 860//777 861//1
f 861//1 858//24 541//666
f 541//666 762//626 514//625
f 516//631 765//630 538//660
f 538//660 864//778 865//8
f 865//8 862//742 535//654
f 535//654 764//632 516//631
f 511//637 760//636 539//664
f 539//664 854//16 855//22
f 855//22 851//779 537//657
f 537//657 759//638 511//637
f 513//641 762//626 541//666
f 169//669 541//666 858//24
f 859//28 856//780 540//662
f 540//662 761//642 513//641
f 555//670 783//720 558//671
f 558//671 782//710 543//673
f 170//672 543//673 775//674
f 170//672 544//675 774//676
f 543//673 782//710 559//677
f 559//677 784//709 547//679
f 547//679 776//686 548//680
f 548//680 775//674 543//673
f 547//679 784//709 560//681
f 560//681 785//721 550//683
f 172//682 550//683 777//684
f 172//682 551//685 776//686
f 550//683 785//721 561//687
f 561//687 783//720 555//670
f 555//670 774//676 553//689
f 553//689 777//684 550//683
f 590//690 802//495 593//691
f 174//692 593//691 799//693
f 174//692 587//694 779//695
f 174//692 542//696 798//697
f 175//698 583//704 797//699
f 175//698 581//700 795//701
f 582//702 783//720 576//703
f 576//703 793//797 583//704
f 575//705 792//798 567//706
f 567//706 791//799 577//708
f 176//707 577//708 784//709
f 176//707 559//677 782//710
f 177//711 571//716 789//712
f 177//711 564//713 786//714
f 573//715 784//709 577//708
f 577//708 791//799 571//716
f 574//717 790//800 566//718
f 566//718 793//797 576//703
f 178//719 576//703 783//720
f 178//719 561//687 785//721
f 570//722 785//721 560//681
f 560//681 784//709 573//715
f 179//723 573//715 786//714
f 179//723 565//724 787//725
f 180//726 556//733 780//727
f 588//728 800//766 549//729
f 180//726 549//729 781//730
f 557//731 790//800 569//732
f 569//732 791//799 556//733
f 557//731 781//730 589//734
f 181//735 589//734 801//736
f 552//737 778//747 545//738
f 545//738 793//797 566//718
f 566//718 790//800 557//731
f 554//739 779//695 587//694
f 182//740 587//694 799//693
f 546//741 780//727 556//733
f 556//733 791//799 567//706
f 567//706 792//798 554//739
f 183//742 564//713 789//712
f 183//742 563//743 788//744
f 183//742 562//745 787//725
f 183//742 565//724 786//714
f 184//746 545//738 778//747
f 586//748 798//697 542//696
f 184//746 542//696 779//695
f 554//739 792//798 568//749
f 568//749 793//797 545//738
f 572//750 790//800 574//717
f 574//717 785//721 570//722
f 185//751 570//722 787//725
f 185//751 562//745 788//744
f 186//752 572//750 788//744
f 186//752 563//743 789//712
f 571//716 791//799 569//732
f 569//732 790//800 572//750
f 187//16 581//700 797//699
f 187//16 579//753 796//754
f 187//16 580//755 794//756
f 187//16 578//757 795//701
f 584//758 782//710 558//671
f 558//671 783//720 582//702
f 188//759 582//702 795//701
f 188//759 578//757 794//756
f 189//760 585//761 796//754
f 189//760 579//753 797//699
f 583//704 793//797 568//749
f 568//749 792//798 585//761
f 585//761 792//798 575//705
f 575//705 782//710 584//758
f 190//762 584//758 794//756
f 190//762 580//755 796//754
f 191//763 552//737 801//736
f 592//764 802//495 590//690
f 191//763 590//690 798//697
f 191//763 586//748 778//747
f 192//765 589//734 781//730
f 192//765 549//729 800//766
f 591//767 802//495 592//764
f 192//765 592//764 801//736
f 193//768 591//767 800//766
f 193//768 588//728 780//727
f 193//768 546//741 799//693
f 593//691 802//495 591//767
f 530//495 771//495 595//769
f 595//769 777//684 553//689
f 553//689 774//676 594//771
f 594//771 769//495 529//495
f 194//770 529//495 770//495
f 528//495 769//495 594//771
f 195//772 594//771 774//676
f 195//772 544//675 775//674
f 596//773 767//495 527//495
f 195//772 527//495 768//495
f 596//773 775//674 548//680
f 548//680 776//686 597//775
f 597//775 773//495 533//495
f 196//774 533//495 766//495
f 526//495 767//495 596//773
f 532//495 773//495 597//775
f 197//776 597//775 776//686
f 197//776 551//685 777//684
f 595//769 771//495 531//495
f 197//776 531//495 772//495
