# Blender v2.79 (sub 0) OBJ File: 'chess.blend'
# www.blender.org
mtllib pieces.mtl
o Queen_Circle.002
v 1.477023 0.278255 -0.194455
v -0.194454 0.278255 -1.477023
v -0.906913 0.278255 1.181913
v 1.181913 0.278255 0.906913
v 0.906913 0.278255 -1.181913
v -1.477023 0.278255 0.194455
v -1.181913 0.278255 -0.906913
v 0.194455 0.278255 1.477023
v -0.149900 1.002533 -1.138600
v -0.699116 1.002533 0.911107
v 0.911107 1.002533 0.699116
v 0.699116 1.002533 -0.911107
v -1.138599 1.002533 0.149900
v -0.911107 1.002533 -0.699116
v 0.149900 1.002533 1.138599
v 1.138599 1.002533 -0.149900
v 0.000000 0.000000 -0.000000
v 1.123796 1.396760 -0.147951
v -0.147951 1.396760 -1.123796
v -0.690027 1.396760 0.899261
v 0.899261 1.396760 0.690027
v 0.690027 1.396760 -0.899261
v -1.123796 1.396760 0.147951
v -0.899261 1.396760 -0.690027
v 0.147951 1.396760 1.123796
v 0.606058 1.663773 -0.789831
v -0.987042 1.663773 0.129947
v -0.789831 1.663772 -0.606058
v 0.129947 1.663773 0.987042
v 0.987042 1.663773 -0.129947
v -0.129947 1.663773 -0.987042
v -0.606058 1.663773 0.789831
v 0.789831 1.663773 0.606058
v -0.080480 3.875912 -0.611302
v -0.375348 3.875912 0.489164
v 0.489164 3.875912 0.375348
v 0.375348 3.875912 -0.489164
v -0.611302 3.875912 0.080480
v -0.489164 3.875912 -0.375348
v 0.080480 3.875912 0.611302
v 0.611302 3.875912 -0.080480
v -0.096211 2.322790 -0.730796
v -0.448719 2.322790 0.584782
v 0.584782 2.322790 0.448719
v 0.448719 2.322790 -0.584782
v -0.730796 2.322790 0.096211
v -0.584782 2.322790 -0.448719
v 0.096211 2.322790 0.730796
v 0.730796 2.322790 -0.096212
v -0.173152 0.701047 -1.315213
v -0.807559 0.701047 1.052433
v 1.052433 0.701047 0.807559
v 0.807559 0.701047 -1.052433
v -1.315213 0.701047 0.173152
v -1.052433 0.701047 -0.807559
v 0.173152 0.701047 1.315213
v 1.315213 0.701047 -0.173152
v 0.865063 4.840539 -0.113888
v -0.113888 4.840539 -0.865063
v -0.531161 4.840539 0.692223
v 0.692223 4.840539 0.531161
v 0.531161 4.840539 -0.692223
v -0.865063 4.840539 0.113888
v -0.692223 4.840539 -0.531161
v 0.113888 4.840539 0.865063
v -0.895282 4.972143 -0.686974
v 0.147297 4.972143 1.118824
v 1.118824 4.972143 -0.147297
v -0.147297 4.972143 -1.118824
v -0.686973 4.972143 0.895282
v 0.895282 4.972143 0.686973
v 0.686973 4.972143 -0.895282
v -1.118824 4.972143 0.147297
v 0.805984 5.062961 0.618453
v 0.618453 5.062961 -0.805984
v -1.007229 5.062961 0.132605
v -0.805984 5.062961 -0.618453
v 0.132605 5.062961 1.007229
v 1.007229 5.062961 -0.132605
v -0.132605 5.062961 -1.007229
v -0.618453 5.062961 0.805984
v -0.549932 5.174192 0.716686
v 0.716686 5.174192 0.549932
v 0.549932 5.174192 -0.716686
v -0.895634 5.174192 0.117913
v -0.716686 5.174192 -0.549932
v 0.117913 5.174192 0.895634
v 0.895634 5.174192 -0.117913
v -0.117913 5.174192 -0.895634
v 0.103038 5.285424 0.782651
v 0.782651 5.285424 -0.103039
v -0.103038 5.285424 -0.782651
v -0.480559 5.285424 0.626277
v 0.626277 5.285424 0.480559
v 0.480559 5.285424 -0.626277
v -0.782651 5.285424 0.103038
v -0.626277 5.285424 -0.480559
v 0.535868 5.429966 0.411186
v 0.411186 5.429966 -0.535868
v -0.669668 5.429966 0.088164
v -0.535868 5.429966 -0.411186
v 0.088164 5.429966 0.669668
v 0.669668 5.429966 -0.088164
v -0.088164 5.429966 -0.669668
v -0.411186 5.429966 0.535868
v 0.754631 5.574509 -0.099350
v -0.099349 5.574509 -0.754631
v -0.463354 5.574509 0.603855
v 0.603855 5.574509 0.463354
v 0.463354 5.574509 -0.603855
v -0.754631 5.574509 0.099349
v -0.603855 5.574509 -0.463354
v 0.099349 5.574509 0.754631
v 0.515522 5.615807 -0.671843
v -0.839594 5.615807 0.110535
v -0.671843 5.615807 -0.515522
v 0.110535 5.615807 0.839594
v 0.839594 5.615807 -0.110535
v -0.110535 5.615807 -0.839594
v -0.515522 5.615807 0.671843
v 0.671843 5.615807 0.515522
v -0.100441 5.657104 -0.762921
v -0.468444 5.657104 0.610489
v 0.610489 5.657104 0.468444
v 0.468444 5.657104 -0.610489
v -0.762921 5.657104 0.100441
v -0.610489 5.657104 -0.468444
v 0.100441 5.657104 0.762921
v 0.762921 5.657104 -0.100441
v -0.588312 5.914484 -0.451427
v 0.096792 5.914484 0.735207
v 0.735207 5.914484 -0.096792
v -0.096792 5.914484 -0.735207
v -0.451427 5.914484 0.588312
v 0.588312 5.914484 0.451427
v 0.451427 5.914484 -0.588312
v -0.735207 5.914484 0.096792
v 0.771187 6.439692 0.591752
v 0.591752 6.439692 -0.771187
v -0.963744 6.439692 0.126880
v -0.771187 6.439692 -0.591752
v 0.126880 6.439692 0.963744
v 0.963744 6.439692 -0.126880
v -0.126880 6.439692 -0.963744
v -0.591752 6.439692 0.771187
v -0.138867 6.818223 -1.052821
v -0.646533 6.818223 0.842579
v 0.842579 6.818223 0.646533
v 0.646533 6.818223 -0.842579
v -1.052961 6.818223 0.138626
v -0.842821 6.818223 -0.646393
v 0.138626 6.818223 1.052961
v 1.052961 6.818223 -0.138626
v -0.116324 6.818302 -0.881589
v -0.541393 6.818302 0.705559
v 0.705559 6.818302 0.541393
v 0.541393 6.818302 -0.705559
v -0.881728 6.818302 0.116082
v -0.705800 6.818303 -0.541254
v 0.116082 6.818302 0.881728
v 0.881728 6.818302 -0.116082
v 0.407016 6.677417 0.312314
v 0.312314 6.677417 -0.407016
v -0.508643 6.677417 0.066964
v -0.407016 6.677417 -0.312314
v 0.066965 6.677417 0.508643
v 0.508643 6.677417 -0.066965
v -0.066964 6.677417 -0.508643
v -0.312314 6.677417 0.407016
v 0.232380 6.895184 -0.030594
v -0.030594 6.895184 -0.232380
v -0.142685 6.895184 0.185950
v 0.185950 6.895184 0.142685
v 0.142685 6.895184 -0.185950
v -0.232380 6.895184 0.030594
v -0.185950 6.895184 -0.142685
v 0.030594 6.895184 0.232380
v 0.000000 7.143211 -0.000000
v -1.477023 0.000000 0.194455
v -0.906913 0.000000 1.181913
v 0.194455 0.000000 1.477023
v 1.181913 0.000000 0.906913
v 1.477023 0.000000 -0.194455
v 0.906913 0.000000 -1.181913
v -0.194454 0.000000 -1.477023
v -1.181913 0.000000 -0.906913
v -1.436570 0.523081 0.189129
v -0.882074 0.523081 1.149543
v 0.189129 0.523081 1.436570
v 1.149543 0.523081 0.882074
v 1.436570 0.523081 -0.189129
v 0.882074 0.523081 -1.149543
v -0.189129 0.523081 -1.436570
v -1.149543 0.523081 -0.882074
v 1.443518 0.278255 0.386788
v 1.294222 0.278255 -0.747221
v 0.386789 0.278255 -1.443518
v -0.747221 0.278255 -1.294223
v -1.294222 0.278255 0.747221
v -0.386789 0.278255 1.443518
v 0.747221 0.278255 1.294222
v -1.443518 0.278255 -0.386789
v -1.127497 1.179565 0.148439
v -0.692299 1.179565 0.902223
v 0.148439 1.179565 1.127497
v 0.902223 1.179565 0.692299
v 1.127497 1.179565 -0.148439
v 0.692299 1.179565 -0.902223
v -0.148438 1.179565 -1.127497
v -0.902222 1.179565 -0.692299
v 0.298166 1.002533 -1.112772
v -0.665361 0.701047 -1.152439
v -0.997683 1.002533 0.576013
v -0.344415 0.701047 1.285379
v 0.576013 1.002533 0.997683
v 1.285379 0.701047 0.344415
v 0.997683 1.002533 -0.576014
v -1.112772 1.002533 -0.298166
v -1.102747 1.602092 0.145180
v -0.677102 1.602092 0.882418
v 0.145180 1.602092 1.102747
v 0.882418 1.602092 0.677102
v 1.102747 1.602092 -0.145180
v 0.677102 1.602092 -0.882418
v -0.145180 1.602092 -1.102747
v -0.882417 1.602092 -0.677102
v 1.098304 1.396760 0.294289
v 0.984712 1.396760 -0.568525
v 0.294289 1.396760 -1.098304
v -0.568524 1.396760 -0.984712
v -0.984712 1.396760 0.568525
v -0.294289 1.396760 1.098304
v 0.568525 1.396760 0.984712
v -1.098304 1.396760 -0.294289
v -0.853572 1.807539 0.112375
v -0.524105 1.807539 0.683028
v 0.112375 1.807539 0.853572
v 0.683028 1.807539 0.524105
v 0.853572 1.807539 -0.112375
v 0.524105 1.807539 -0.683028
v -0.112375 1.807539 -0.853572
v -0.683028 1.807539 -0.524105
v 0.864883 1.663773 -0.499341
v 0.258477 1.663773 -0.964652
v -0.964652 1.663773 -0.258477
v -0.864883 1.663773 0.499341
v -0.499341 1.663773 -0.864883
v -0.258477 1.663773 0.964652
v 0.499341 1.663773 0.864883
v 0.964652 1.663773 0.258477
v -0.642152 4.692400 0.084541
v -0.394290 4.692400 0.513849
v 0.084541 4.692400 0.642152
v 0.513849 4.692400 0.394290
v 0.642152 4.692400 -0.084541
v 0.394290 4.692400 -0.513849
v -0.084541 4.692400 -0.642152
v -0.513849 4.692400 -0.394290
v 0.160082 3.875912 -0.597436
v -0.369707 2.322790 -0.640350
v -0.535646 3.875912 0.309256
v -0.191374 2.322790 0.714218
v 0.309256 3.875912 0.535646
v 0.714218 2.322790 0.191374
v 0.535646 3.875912 -0.309256
v -0.597436 3.875912 -0.160082
v 0.191374 2.322790 -0.714218
v -0.309256 3.875912 -0.535646
v -0.640350 2.322790 0.369707
v -0.160082 3.875912 0.597436
v 0.369707 2.322790 0.640350
v 0.597436 3.875912 0.160082
v 0.640350 2.322790 -0.369707
v -0.714218 2.322790 -0.191374
v -0.084413 3.025712 -0.641176
v -0.393691 3.025712 0.513068
v 0.513068 3.025712 0.393691
v 0.393691 3.025712 -0.513068
v -0.641176 3.025712 0.084413
v -0.513068 3.025712 -0.393691
v 0.084413 3.025712 0.641176
v 0.641176 3.025712 -0.084413
v 0.344415 0.701047 -1.285379
v -0.576013 1.002533 -0.997683
v -1.152439 0.701047 0.665362
v -0.298166 1.002533 1.112772
v 0.665362 0.701047 1.152439
v 1.112772 1.002533 0.298165
v 1.152438 0.701047 -0.665362
v -1.285379 0.701047 -0.344415
v -0.156687 0.848686 -1.190154
v -0.730771 0.848686 0.952361
v 0.952361 0.848686 0.730771
v 0.730771 0.848686 -0.952361
v -1.190154 0.848686 0.156688
v -0.952361 0.848686 -0.730772
v 0.156688 0.848686 1.190154
v 1.190154 0.848686 -0.156688
v -1.055384 4.893833 0.138945
v -0.648020 4.893833 0.844518
v 0.138945 4.893833 1.055384
v 0.844518 4.893833 0.648020
v 1.055384 4.893833 -0.138945
v 0.648020 4.893833 -0.844518
v -0.138944 4.893833 -1.055384
v -0.844518 4.893833 -0.648020
v 0.845440 4.840539 0.226534
v 0.758000 4.840539 -0.437633
v 0.226534 4.840539 -0.845440
v -0.437632 4.840539 -0.758001
v -0.758000 4.840539 0.437632
v -0.226534 4.840539 0.845440
v 0.437632 4.840539 0.758000
v -0.845440 4.840539 -0.226534
v -1.090925 5.040257 0.143624
v -0.669843 5.040257 0.872958
v 0.143624 5.040257 1.090925
v 0.872958 5.040257 0.669843
v 1.090925 5.040257 -0.143624
v 0.669843 5.040257 -0.872958
v -0.143624 5.040257 -1.090925
v -0.872958 5.040257 -0.669843
v -1.093445 4.972143 -0.292987
v -0.566009 4.972143 -0.980355
v -0.292987 4.972143 1.093445
v 0.566009 4.972143 0.980355
v 1.093445 4.972143 0.292987
v 0.980355 4.972143 -0.566009
v 0.292987 4.972143 -1.093445
v -0.980355 4.972143 0.566009
v -0.914342 5.081608 0.120376
v -0.561419 5.081608 0.731656
v 0.120376 5.081608 0.914342
v 0.731656 5.081608 0.561419
v 0.914342 5.081608 -0.120376
v 0.561419 5.081608 -0.731656
v -0.120376 5.081608 -0.914342
v -0.731656 5.081608 -0.561419
v 0.509553 5.062961 0.882571
v 0.984381 5.062961 0.263763
v 0.882571 5.062961 -0.509554
v 0.263763 5.062961 -0.984381
v -0.984381 5.062961 -0.263763
v -0.882571 5.062961 0.509553
v -0.509553 5.062961 -0.882572
v -0.263763 5.062961 0.984381
v -0.867388 5.257616 0.114194
v -0.532588 5.257616 0.694084
v 0.114194 5.257616 0.867388
v 0.694084 5.257616 0.532588
v 0.867388 5.257616 -0.114194
v 0.532588 5.257616 -0.694084
v -0.114194 5.257616 -0.867388
v -0.694084 5.257616 -0.532588
v -0.784788 5.174192 0.453098
v -0.234540 5.174192 0.875317
v 0.453098 5.174192 0.784788
v 0.875317 5.174192 0.234540
v 0.784788 5.174192 -0.453098
v 0.234540 5.174192 -0.875317
v -0.875317 5.174192 -0.234540
v -0.453098 5.174192 -0.784788
v -0.686726 5.307247 0.090410
v -0.421660 5.307247 0.549518
v 0.090410 5.307247 0.686726
v 0.549518 5.307247 0.421660
v 0.686726 5.307247 -0.090410
v 0.421660 5.307247 -0.549518
v -0.090410 5.307247 -0.686727
v -0.549518 5.307247 -0.421660
v -0.204953 5.285424 0.764897
v 0.395940 5.285424 0.685788
v 0.764897 5.285424 0.204953
v 0.685788 5.285424 -0.395941
v 0.204953 5.285424 -0.764898
v -0.395940 5.285424 -0.685788
v -0.685788 5.285424 0.395940
v -0.764897 5.285424 -0.204953
v -0.686994 5.545033 0.090445
v -0.421824 5.545033 0.549732
v 0.090445 5.545033 0.686994
v 0.549732 5.545033 0.421824
v 0.686994 5.545033 -0.090445
v 0.421824 5.545033 -0.549732
v -0.090445 5.545033 -0.686994
v -0.549732 5.545033 -0.421824
v 0.338783 5.429966 0.586788
v 0.654478 5.429966 0.175366
v 0.586788 5.429966 -0.338783
v 0.175366 5.429966 -0.654478
v -0.654478 5.429966 -0.175366
v -0.586788 5.429966 0.338783
v -0.338783 5.429966 -0.586788
v -0.175366 5.429966 0.654478
v -0.818353 5.584833 0.107739
v -0.502480 5.584833 0.654846
v 0.107739 5.584833 0.818353
v 0.654846 5.584833 0.502480
v 0.818353 5.584833 -0.107739
v 0.502480 5.584833 -0.654846
v -0.107739 5.584833 -0.818353
v -0.654846 5.584833 -0.502480
v 0.737513 5.574509 0.197615
v 0.661236 5.574509 -0.381765
v 0.197616 5.574509 -0.737513
v -0.381765 5.574509 -0.661236
v -0.661236 5.574509 0.381765
v -0.197616 5.574509 0.737513
v 0.381765 5.574509 0.661236
v -0.737513 5.574509 -0.197616
v -0.820426 5.646780 0.108012
v -0.503753 5.646780 0.656504
v 0.108012 5.646780 0.820426
v 0.656504 5.646780 0.503753
v 0.820426 5.646780 -0.108012
v 0.503753 5.646780 -0.656504
v -0.108012 5.646780 -0.820426
v -0.656504 5.646780 -0.503753
v 0.735683 5.615807 -0.424748
v 0.219865 5.615807 -0.820549
v -0.820549 5.615807 -0.219865
v -0.735683 5.615807 0.424747
v -0.424747 5.615807 -0.735683
v -0.219865 5.615807 0.820548
v 0.424748 5.615807 0.735683
v 0.820549 5.615807 0.219865
v -0.712852 5.711608 0.093849
v -0.437701 5.711608 0.570424
v 0.093849 5.711608 0.712852
v 0.570424 5.711608 0.437701
v 0.712852 5.711608 -0.093849
v 0.437701 5.711608 -0.570424
v -0.093849 5.711608 -0.712852
v -0.570424 5.711608 -0.437701
v 0.199786 5.657104 -0.745615
v -0.385959 5.657104 -0.668500
v -0.668500 5.657104 0.385959
v -0.199786 5.657104 0.745615
v 0.385959 5.657104 0.668500
v 0.745615 5.657104 0.199786
v 0.668500 5.657104 -0.385959
v -0.745615 5.657104 -0.199786
v -0.816820 6.174476 0.107537
v -0.501539 6.174476 0.653619
v 0.107537 6.174476 0.816820
v 0.653619 6.174476 0.501539
v 0.816820 6.174476 -0.107537
v 0.501539 6.174476 -0.653619
v -0.107537 6.174476 -0.816820
v -0.653619 6.174476 -0.501539
v -0.718529 5.914484 -0.192529
v -0.371938 5.914484 -0.644216
v -0.192529 5.914484 0.718529
v 0.371938 5.914484 0.644215
v 0.718529 5.914484 0.192529
v 0.644215 5.914484 -0.371939
v 0.192529 5.914484 -0.718529
v -0.644215 5.914484 0.371938
v -1.143322 6.707520 0.150522
v -0.702016 6.707520 0.914886
v 0.150522 6.707520 1.143322
v 0.914886 6.707520 0.702016
v 1.143322 6.707520 -0.150522
v 0.702016 6.707520 -0.914886
v -0.150522 6.707520 -1.143322
v -0.914886 6.707520 -0.702016
v 0.487555 6.439692 0.844468
v 0.941882 6.439692 0.252376
v 0.844468 6.439692 -0.487555
v 0.252376 6.439692 -0.941882
v -0.941882 6.439692 -0.252376
v -0.844468 6.439692 0.487555
v -0.487555 6.439692 -0.844468
v -0.252376 6.439692 0.941882
v -0.962600 6.928927 0.126729
v -0.591050 6.928927 0.770272
v 0.126729 6.928927 0.962600
v 0.770272 6.928927 0.591050
v 0.962600 6.928927 -0.126729
v 0.591050 6.928927 -0.770272
v -0.127213 6.928927 -0.962321
v -0.770756 6.928927 -0.590771
v 0.275679 6.818223 -1.029041
v -0.533052 6.818223 -0.922434
v -0.922644 6.818223 0.532689
v -0.275739 6.818223 1.029076
v 0.532689 6.818223 0.922644
v 1.029076 6.818223 0.275739
v 0.922644 6.818223 -0.532689
v -1.029136 6.818223 -0.275704
v -0.774335 6.717763 0.101944
v -0.475453 6.717763 0.619623
v 0.101944 6.717763 0.774335
v 0.619623 6.717763 0.475453
v 0.774335 6.717763 -0.101944
v 0.475453 6.717763 -0.619623
v -0.101974 6.717763 -0.774318
v -0.619653 6.717763 -0.475435
v 0.230838 6.818302 -0.861692
v -0.446426 6.818302 -0.772394
v -0.772603 6.818302 0.446063
v -0.230899 6.818302 0.861727
v 0.446063 6.818302 0.772603
v 0.861727 6.818302 0.230898
v 0.772603 6.818302 -0.446063
v -0.861788 6.818302 -0.230864
v -0.270812 6.696266 0.035653
v -0.166282 6.696266 0.216703
v 0.035653 6.696266 0.270812
v 0.216703 6.696266 0.166282
v 0.270812 6.696266 -0.035653
v 0.166282 6.696266 -0.216703
v -0.035653 6.696266 -0.270812
v -0.216703 6.696266 -0.166282
v 0.257321 6.677417 0.445692
v 0.497105 6.677417 0.133199
v 0.445692 6.677417 -0.257321
v 0.133199 6.677417 -0.497105
v -0.497105 6.677417 -0.133199
v -0.445692 6.677417 0.257321
v -0.257321 6.677417 -0.445692
v -0.133199 6.677417 0.497105
v -0.182260 7.081204 0.023995
v -0.111910 7.081204 0.145844
v 0.023995 7.081204 0.182260
v 0.145844 7.081204 0.111910
v 0.182260 7.081204 -0.023995
v 0.111910 7.081204 -0.145844
v -0.023995 7.081204 -0.182260
v -0.145844 7.081204 -0.111910
v 0.227109 6.895184 0.060853
v 0.203620 6.895184 -0.117560
v 0.060853 6.895184 -0.227109
v -0.117560 6.895184 -0.203620
v -0.203620 6.895184 0.117560
v -0.060853 6.895184 0.227109
v 0.117560 6.895184 0.203620
v -0.227109 6.895184 -0.060853
v -1.443518 0.000000 -0.386789
v -1.294222 0.000000 0.747221
v -0.386789 0.000000 1.443518
v 0.747221 0.000000 1.294222
v 1.443518 0.000000 0.386788
v 1.294222 0.000000 -0.747221
v 0.386789 0.000000 -1.443518
v -0.747221 0.000000 -1.294223
v -1.403983 0.523081 -0.376195
v -1.258776 0.523081 0.726756
v -0.376195 0.523081 1.403983
v 0.726756 0.523081 1.258776
v 1.403983 0.523081 0.376195
v 1.258776 0.523081 -0.726756
v 0.376195 0.523081 -1.403983
v -0.726756 0.523081 -1.258776
v -1.101921 1.179565 -0.295258
v -0.987955 1.179565 0.570397
v -0.295258 1.179565 1.101921
v 0.570397 1.179565 0.987955
v 1.101921 1.179565 0.295258
v 0.987955 1.179565 -0.570397
v 0.295258 1.179565 -1.101921
v -0.570397 1.179565 -0.987955
v -1.077732 1.602092 -0.288777
v -0.966268 1.602092 0.557876
v -0.288777 1.602092 1.077732
v 0.557876 1.602092 0.966268
v 1.077732 1.602092 0.288777
v 0.966268 1.602092 -0.557876
v 0.288777 1.602092 -1.077732
v -0.557876 1.602092 -0.966268
v -0.834209 1.807539 -0.223525
v -0.747931 1.807539 0.431819
v -0.223525 1.807539 0.834209
v 0.431819 1.807539 0.747931
v 0.834209 1.807539 0.223525
v 0.747931 1.807539 -0.431819
v 0.223525 1.807539 -0.834209
v -0.431819 1.807539 -0.747931
v -0.627585 4.692400 -0.168161
v -0.562677 4.692400 0.324862
v -0.168161 4.692400 0.627585
v 0.324862 4.692400 0.562677
v 0.627585 4.692400 0.168160
v 0.562677 4.692400 -0.324862
v 0.168161 4.692400 -0.627585
v -0.324862 4.692400 -0.562677
v 0.167905 3.025712 -0.626631
v -0.324368 3.025712 -0.561822
v -0.561822 3.025712 0.324369
v -0.167905 3.025712 0.626631
v 0.324369 3.025712 0.561822
v 0.626631 3.025712 0.167905
v 0.561822 3.025712 -0.324369
v -0.626631 3.025712 -0.167905
v 0.311666 0.848686 -1.163157
v -0.602095 0.848686 -1.042858
v -1.042858 0.848686 0.602095
v -0.311666 0.848686 1.163157
v 0.602095 0.848686 1.042858
v 1.163157 0.848686 0.311666
v 1.042858 0.848686 -0.602095
v -1.163157 0.848686 -0.311666
v -1.031444 4.893833 -0.276374
v -0.924766 4.893833 0.533915
v -0.276374 4.893833 1.031444
v 0.533915 4.893833 0.924767
v 1.031444 4.893833 0.276374
v 0.924766 4.893833 -0.533915
v 0.276374 4.893833 -1.031444
v -0.533915 4.893833 -0.924767
v -1.066179 5.040256 -0.285681
v -0.955909 5.040256 0.551895
v -0.285681 5.040256 1.066179
v 0.551895 5.040256 0.955909
v 1.066179 5.040256 0.285681
v 0.955909 5.040256 -0.551895
v 0.285681 5.040256 -1.066179
v -0.551895 5.040256 -0.955909
v -0.893602 5.081608 -0.239439
v -0.801181 5.081608 0.462563
v -0.239439 5.081608 0.893601
v 0.462563 5.081608 0.801181
v 0.893602 5.081608 0.239439
v 0.801181 5.081608 -0.462563
v 0.239439 5.081608 -0.893602
v -0.462563 5.081608 -0.801181
v -0.847712 5.257616 -0.227143
v -0.760038 5.257616 0.438809
v -0.227143 5.257616 0.847712
v 0.438809 5.257616 0.760038
v 0.847712 5.257616 0.227143
v 0.760038 5.257616 -0.438809
v 0.227143 5.257616 -0.847712
v -0.438809 5.257616 -0.760038
v -0.671149 5.307247 -0.179833
v -0.601735 5.307247 0.347412
v -0.179833 5.307247 0.671149
v 0.347413 5.307247 0.601735
v 0.671149 5.307247 0.179833
v 0.601735 5.307247 -0.347413
v 0.179833 5.307247 -0.671149
v -0.347412 5.307247 -0.601735
v -0.671410 5.545033 -0.179903
v -0.601970 5.545033 0.347548
v -0.179903 5.545033 0.671410
v 0.347548 5.545033 0.601970
v 0.671410 5.545033 0.179903
v 0.601970 5.545033 -0.347548
v 0.179903 5.545033 -0.671410
v -0.347548 5.545033 -0.601970
v -0.799790 5.584833 -0.214302
v -0.717071 5.584833 0.414002
v -0.214302 5.584833 0.799790
v 0.414002 5.584833 0.717071
v 0.799790 5.584833 0.214302
v 0.717071 5.584833 -0.414002
v 0.214303 5.584833 -0.799790
v -0.414002 5.584833 -0.717072
v -0.801815 5.646780 -0.214845
v -0.718887 5.646780 0.415050
v -0.214845 5.646780 0.801815
v 0.415050 5.646780 0.718887
v 0.801815 5.646780 0.214845
v 0.718887 5.646780 -0.415051
v 0.214845 5.646780 -0.801815
v -0.415050 5.646780 -0.718887
v -0.696682 5.711608 -0.186675
v -0.624628 5.711608 0.360629
v -0.186675 5.711608 0.696682
v 0.360629 5.711608 0.624628
v 0.696682 5.711608 0.186675
v 0.624628 5.711608 -0.360630
v 0.186675 5.711608 -0.696682
v -0.360629 5.711608 -0.624628
v -0.798292 6.174476 -0.213901
v -0.715728 6.174476 0.413227
v -0.213901 6.174476 0.798292
v 0.413227 6.174476 0.715728
v 0.798292 6.174476 0.213901
v 0.715728 6.174476 -0.413227
v 0.213901 6.174476 -0.798292
v -0.413226 6.174476 -0.715728
v -1.117387 6.707520 -0.299402
v -1.001821 6.707520 0.578403
v -0.299402 6.707520 1.117387
v 0.578403 6.707520 1.001821
v 1.117387 6.707520 0.299402
v 1.001821 6.707520 -0.578403
v 0.299402 6.707520 -1.117387
v -0.578403 6.707520 -1.001821
v -0.940886 6.928927 -0.252007
v -0.843466 6.928927 0.486976
v -0.252076 6.928927 0.940765
v 0.486976 6.928927 0.843466
v 0.940765 6.928927 0.252076
v 0.843466 6.928927 -0.486976
v 0.251956 6.928927 -0.940695
v -0.487701 6.928927 -0.843047
v -0.756778 6.717763 -0.202771
v -0.678501 6.717763 0.391733
v -0.202775 6.717763 0.756770
v 0.391733 6.717763 0.678501
v 0.756770 6.717763 0.202775
v 0.678501 6.717763 -0.391733
v 0.202768 6.717763 -0.756766
v -0.391779 6.717763 -0.678475
v -0.264669 6.696266 -0.070918
v -0.237295 6.696266 0.137003
v -0.070918 6.696266 0.264669
v 0.137003 6.696266 0.237295
v 0.264669 6.696266 0.070918
v 0.237295 6.696266 -0.137003
v 0.070918 6.696266 -0.264669
v -0.137003 6.696266 -0.237295
v -0.200280 7.032977 -0.053665
v -0.179566 7.032977 0.103673
v -0.053665 7.032977 0.200280
v 0.103673 7.032977 0.179566
v 0.200280 7.032977 0.053665
v 0.179566 7.032977 -0.103673
v 0.053665 7.032977 -0.200280
v -0.103673 7.032977 -0.179566
v -1.294222 0.000000 0.747221
v -1.477023 0.000000 0.194455
v -1.443518 0.000000 -0.386789
v -0.386789 0.000000 1.443518
v -0.906913 0.000000 1.181913
v 0.747221 0.000000 1.294222
v 0.194455 0.000000 1.477023
v 1.443518 0.000000 0.386788
v 1.181913 0.000000 0.906913
v 1.294222 0.000000 -0.747221
v 1.477023 0.000000 -0.194455
v 0.386789 0.000000 -1.443518
v 0.906913 0.000000 -1.181913
v -0.747221 0.000000 -1.294223
v -0.194454 0.000000 -1.477023
v -1.181913 0.000000 -0.906913
v -0.843466 6.928927 0.486976
v -0.962600 6.928927 0.126729
v -0.940886 6.928927 -0.252007
v -0.252076 6.928927 0.940765
v -0.591050 6.928927 0.770272
v 0.486976 6.928927 0.843466
v 0.126729 6.928927 0.962600
v 0.940765 6.928927 0.252076
v 0.770272 6.928927 0.591050
v 0.843466 6.928927 -0.486976
v 0.962600 6.928927 -0.126729
v 0.251956 6.928927 -0.940695
v 0.591050 6.928927 -0.770272
v -0.487701 6.928927 -0.843047
v -0.127213 6.928927 -0.962321
v -0.770756 6.928927 -0.590771
vn 0.9914 0.0000 -0.1305
vn 0.8631 0.0819 -0.4983
vn 0.9881 0.0817 -0.1301
vn 0.8059 0.3659 -0.4653
vn 0.9227 0.3657 -0.1215
vn 0.8989 0.3659 0.2409
vn 0.9627 0.0819 0.2579
vn -0.1305 0.0000 -0.9914
vn -0.4983 0.0819 -0.8631
vn -0.1301 0.0817 -0.9881
vn -0.4653 0.3659 -0.8059
vn -0.1215 0.3657 -0.9227
vn 0.2409 0.3659 -0.8989
vn 0.2579 0.0819 -0.9627
vn -0.6067 0.0817 0.7907
vn -0.2588 0.0000 0.9659
vn -0.2579 0.0819 0.9627
vn -0.2409 0.3659 0.8989
vn -0.5666 0.3657 0.7384
vn -0.8059 0.3659 0.4653
vn -0.8631 0.0819 0.4983
vn -0.6088 0.0000 0.7933
vn 0.7907 0.0817 0.6067
vn 0.9659 0.0000 0.2588
vn 0.7384 0.3657 0.5666
vn 0.4653 0.3659 0.8059
vn 0.4983 0.0819 0.8631
vn 0.7933 0.0000 0.6088
vn 0.6088 0.0000 -0.7933
vn 0.6067 0.0817 -0.7907
vn 0.5666 0.3657 -0.7384
vn -0.9914 0.0000 0.1305
vn -0.9881 0.0817 0.1301
vn -0.9227 0.3657 0.1215
vn -0.8989 0.3659 -0.2409
vn -0.9627 0.0819 -0.2579
vn -0.9659 0.0000 -0.2588
vn -0.7933 0.0000 -0.6088
vn -0.7907 0.0817 -0.6067
vn -0.7384 0.3657 -0.5666
vn 0.1305 0.0000 0.9914
vn 0.1301 0.0817 0.9881
vn 0.1215 0.3657 0.9227
vn -0.1127 0.5038 -0.8564
vn -0.4902 0.1972 -0.8490
vn -0.1280 0.1964 -0.9721
vn -0.4996 0.0404 -0.8653
vn -0.1304 0.0403 -0.9906
vn 0.2586 0.0404 -0.9651
vn 0.2537 0.1972 -0.9469
vn -0.5258 0.5038 0.6853
vn -0.2537 0.1972 0.9469
vn -0.5969 0.1964 0.7779
vn -0.2586 0.0404 0.9651
vn -0.6083 0.0403 0.7927
vn -0.8653 0.0404 0.4996
vn -0.8490 0.1972 0.4902
vn 0.6853 0.5038 0.5258
vn 0.9469 0.1972 0.2537
vn 0.7779 0.1964 0.5969
vn 0.9651 0.0404 0.2586
vn 0.7927 0.0403 0.6083
vn 0.4996 0.0404 0.8653
vn 0.4902 0.1972 0.8490
vn 0.5258 0.5038 -0.6853
vn 0.5969 0.1964 -0.7779
vn 0.6083 0.0403 -0.7927
vn 0.8653 0.0404 -0.4996
vn 0.8490 0.1972 -0.4902
vn -0.8564 0.5038 0.1127
vn -0.9721 0.1964 0.1280
vn -0.9906 0.0403 0.1304
vn -0.9651 0.0404 -0.2586
vn -0.9469 0.1972 -0.2537
vn -0.6853 0.5038 -0.5258
vn -0.7779 0.1964 -0.5969
vn -0.7927 0.0403 -0.6083
vn 0.1127 0.5038 0.8564
vn 0.1280 0.1964 0.9721
vn 0.1304 0.0403 0.9906
vn 0.8564 0.5038 -0.1127
vn 0.9721 0.1964 -0.1280
vn 0.9906 0.0403 -0.1304
vn 0.0000 -1.0000 0.0000
vn 0.8645 0.0599 -0.4991
vn 0.9897 0.0598 -0.1303
vn 0.7324 0.5336 -0.4229
vn 0.8377 0.5348 -0.1103
vn 0.8169 0.5336 0.2189
vn 0.9642 0.0599 0.2583
vn -0.4991 0.0599 -0.8645
vn -0.1303 0.0598 -0.9897
vn -0.4229 0.5336 -0.7324
vn -0.1103 0.5348 -0.8377
vn 0.2189 0.5336 -0.8169
vn 0.2583 0.0599 -0.9642
vn -0.2583 0.0599 0.9642
vn -0.6077 0.0598 0.7919
vn -0.2189 0.5336 0.8169
vn -0.5144 0.5348 0.6703
vn -0.7324 0.5336 0.4229
vn -0.8645 0.0599 0.4991
vn 0.7919 0.0598 0.6077
vn 0.6703 0.5348 0.5144
vn 0.4229 0.5336 0.7324
vn 0.4991 0.0599 0.8645
vn 0.6077 0.0598 -0.7919
vn 0.5144 0.5348 -0.6703
vn -0.9897 0.0598 0.1303
vn -0.8377 0.5348 0.1103
vn -0.8169 0.5336 -0.2189
vn -0.9642 0.0599 -0.2583
vn -0.7919 0.0598 -0.6077
vn -0.6703 0.5348 -0.5144
vn 0.1303 0.0598 0.9897
vn 0.1103 0.5348 0.8377
vn 0.1532 0.8060 -0.5717
vn 0.3617 0.8043 -0.4714
vn 0.2257 0.4897 -0.8422
vn 0.5315 0.4875 -0.6926
vn 0.7551 0.4897 -0.4359
vn 0.5126 0.8060 -0.2959
vn -0.5126 0.8060 0.2959
vn -0.5891 0.8043 0.0775
vn -0.7551 0.4897 0.4359
vn -0.8656 0.4875 0.1140
vn -0.8422 0.4897 -0.2257
vn -0.5717 0.8060 -0.1532
vn -0.2959 0.8060 -0.5126
vn -0.4714 0.8043 -0.3617
vn -0.6926 0.4875 -0.5315
vn -0.4359 0.4897 -0.7551
vn 0.2959 0.8060 0.5126
vn 0.0775 0.8043 0.5891
vn 0.4359 0.4897 0.7551
vn 0.1140 0.4875 0.8656
vn -0.2257 0.4897 0.8422
vn -0.1532 0.8060 0.5717
vn 0.5891 0.8043 -0.0775
vn 0.8656 0.4875 -0.1140
vn 0.8422 0.4897 0.2257
vn 0.5717 0.8060 0.1532
vn -0.0775 0.8043 -0.5891
vn -0.1140 0.4875 -0.8656
vn -0.3617 0.8043 0.4714
vn -0.5315 0.4875 0.6926
vn 0.4714 0.8043 0.3617
vn 0.6926 0.4875 0.5315
vn -0.1301 0.0820 -0.9881
vn -0.5000 -0.0013 -0.8660
vn -0.1305 -0.0013 -0.9914
vn -0.1118 -0.5158 -0.8494
vn 0.2588 -0.0013 -0.9659
vn -0.6067 0.0820 0.7907
vn -0.2588 -0.0013 0.9659
vn -0.6088 -0.0013 0.7933
vn -0.5215 -0.5158 0.6796
vn -0.8660 -0.0013 0.5000
vn 0.7907 0.0820 0.6067
vn 0.9659 -0.0013 0.2588
vn 0.7933 -0.0013 0.6088
vn 0.6796 -0.5158 0.5215
vn 0.5000 -0.0013 0.8660
vn 0.6067 0.0820 -0.7907
vn 0.6088 -0.0013 -0.7933
vn 0.5215 -0.5158 -0.6796
vn 0.8660 -0.0013 -0.5000
vn -0.9881 0.0820 0.1301
vn -0.9914 -0.0013 0.1305
vn -0.8494 -0.5158 0.1118
vn -0.9659 -0.0013 -0.2588
vn -0.7907 0.0820 -0.6067
vn -0.7933 -0.0013 -0.6088
vn -0.6796 -0.5158 -0.5215
vn 0.1301 0.0820 0.9881
vn 0.1305 -0.0013 0.9914
vn 0.1118 -0.5158 0.8494
vn 0.9881 0.0820 -0.1301
vn 0.9914 -0.0013 -0.1305
vn 0.8494 -0.5158 -0.1118
vn -0.4916 0.1827 -0.8514
vn -0.1283 0.1820 -0.9749
vn -0.4983 0.0823 -0.8631
vn 0.2579 0.0823 -0.9626
vn 0.2544 0.1827 -0.9496
vn -0.2544 0.1827 0.9496
vn -0.5986 0.1820 0.7801
vn -0.2579 0.0823 0.9626
vn -0.8631 0.0823 0.4983
vn -0.8514 0.1827 0.4916
vn 0.9496 0.1827 0.2544
vn 0.7801 0.1820 0.5986
vn 0.9626 0.0823 0.2579
vn 0.4983 0.0823 0.8631
vn 0.4916 0.1827 0.8514
vn 0.5986 0.1820 -0.7801
vn 0.8631 0.0823 -0.4983
vn 0.8514 0.1827 -0.4916
vn -0.9749 0.1820 0.1283
vn -0.9626 0.0823 -0.2579
vn -0.9496 0.1827 -0.2544
vn -0.7801 0.1820 -0.5986
vn 0.1283 0.1820 0.9749
vn 0.9749 0.1820 -0.1283
vn -0.3974 0.6069 -0.6883
vn -0.1038 0.6059 -0.7887
vn -0.4313 0.5058 -0.7471
vn 0.2233 0.5058 -0.8333
vn 0.2057 0.6069 -0.7677
vn -0.2057 0.6069 0.7677
vn -0.4842 0.6059 0.6311
vn -0.2233 0.5058 0.8333
vn -0.7471 0.5058 0.4313
vn -0.6883 0.6069 0.3974
vn 0.7677 0.6069 0.2057
vn 0.6311 0.6059 0.4842
vn 0.8333 0.5058 0.2233
vn 0.4313 0.5058 0.7471
vn 0.3974 0.6069 0.6883
vn 0.4842 0.6059 -0.6311
vn 0.7471 0.5058 -0.4313
vn 0.6883 0.6069 -0.3974
vn -0.7887 0.6059 0.1038
vn -0.8333 0.5058 -0.2233
vn -0.7677 0.6069 -0.2057
vn -0.6311 0.6059 -0.4842
vn 0.1038 0.6059 0.7887
vn 0.7887 0.6059 -0.1038
vn 0.3948 -0.9173 -0.0520
vn 0.7403 -0.5188 -0.4274
vn 0.3428 -0.9183 -0.1979
vn 0.5661 -0.8209 -0.0745
vn 0.3824 -0.9183 0.1025
vn 0.8258 -0.5188 0.2213
vn -0.0520 -0.9173 -0.3948
vn -0.4274 -0.5188 -0.7403
vn -0.1979 -0.9183 -0.3428
vn -0.0745 -0.8209 -0.5661
vn 0.1025 -0.9183 -0.3824
vn 0.2213 -0.5188 -0.8258
vn -0.2424 -0.9173 0.3159
vn -0.2213 -0.5188 0.8258
vn -0.1025 -0.9183 0.3824
vn -0.3476 -0.8209 0.4530
vn -0.3428 -0.9183 0.1979
vn -0.7403 -0.5188 0.4274
vn 0.3159 -0.9173 0.2424
vn 0.4530 -0.8209 0.3476
vn 0.1979 -0.9183 0.3428
vn 0.4274 -0.5188 0.7403
vn 0.2424 -0.9173 -0.3159
vn 0.3476 -0.8209 -0.4530
vn -0.3948 -0.9173 0.0520
vn -0.5661 -0.8209 0.0745
vn -0.3824 -0.9183 -0.1025
vn -0.8258 -0.5188 -0.2213
vn -0.3159 -0.9173 -0.2424
vn -0.4530 -0.8209 -0.3476
vn 0.0520 -0.9173 0.3948
vn 0.0745 -0.8209 0.5661
vn -0.7858 -0.1380 -0.6029
vn -0.2860 -0.8202 -0.4953
vn -0.5525 -0.8202 -0.1480
vn -0.9567 -0.1375 -0.2564
vn -0.6659 0.7243 -0.1784
vn -0.5458 0.7257 -0.4188
vn -0.3447 0.7243 -0.5970
vn -0.4952 -0.1375 -0.8578
vn 0.1293 -0.1380 0.9819
vn 0.2860 -0.8202 0.4953
vn 0.4952 -0.1375 0.8578
vn 0.3447 0.7243 0.5970
vn 0.0898 0.7257 0.6821
vn -0.1784 0.7243 0.6659
vn -0.2564 -0.1375 0.9567
vn -0.1480 -0.8202 0.5525
vn 0.9819 -0.1380 -0.1293
vn 0.4953 -0.8202 -0.2860
vn 0.8578 -0.1375 -0.4952
vn 0.5970 0.7243 -0.3447
vn 0.6821 0.7257 -0.0898
vn 0.6659 0.7243 0.1784
vn 0.9567 -0.1375 0.2564
vn 0.5525 -0.8202 0.1480
vn -0.1293 -0.1380 -0.9819
vn -0.0898 0.7258 -0.6821
vn 0.1784 0.7243 -0.6659
vn 0.2564 -0.1375 -0.9567
vn 0.1480 -0.8202 -0.5525
vn -0.6029 -0.1380 0.7858
vn -0.4188 0.7258 0.5458
vn -0.5970 0.7243 0.3447
vn -0.8578 -0.1375 0.4952
vn -0.4953 -0.8202 0.2860
vn 0.7858 -0.1380 0.6029
vn 0.5458 0.7257 0.4188
vn 0.6029 -0.1380 -0.7858
vn 0.4188 0.7257 -0.5458
vn -0.9819 -0.1380 0.1293
vn -0.6821 0.7257 0.0898
vn 0.2231 0.9729 0.0598
vn 0.1835 0.9729 0.1408
vn 0.6424 0.7467 0.1721
vn 0.5307 0.7433 0.4072
vn 0.3326 0.7467 0.5760
vn 0.1155 0.9729 0.2000
vn 0.0598 0.9729 -0.2231
vn 0.1408 0.9729 -0.1835
vn 0.1721 0.7467 -0.6424
vn 0.4072 0.7433 -0.5307
vn 0.5760 0.7467 -0.3325
vn 0.2000 0.9729 -0.1155
vn -0.2000 0.9729 0.1155
vn -0.2293 0.9729 0.0302
vn -0.5760 0.7467 0.3326
vn -0.6632 0.7433 0.0873
vn -0.6424 0.7467 -0.1721
vn -0.2231 0.9729 -0.0598
vn -0.1155 0.9729 -0.2000
vn -0.1835 0.9729 -0.1408
vn -0.5307 0.7433 -0.4072
vn -0.3325 0.7467 -0.5760
vn 0.0302 0.9729 0.2293
vn 0.0873 0.7433 0.6632
vn -0.1721 0.7467 0.6424
vn -0.0598 0.9729 0.2231
vn 0.2293 0.9729 -0.0302
vn 0.6632 0.7433 -0.0873
vn -0.0302 0.9729 -0.2293
vn -0.0873 0.7433 -0.6632
vn -0.1408 0.9729 0.1835
vn -0.4072 0.7433 0.5307
vn -0.2499 0.2607 0.9325
vn -0.5878 0.2600 0.7660
vn -0.1885 0.6850 0.7037
vn -0.4427 0.6864 0.5769
vn -0.6309 0.6850 0.3642
vn -0.8361 0.2607 0.4827
vn 0.9325 0.2607 0.2499
vn 0.7660 0.2600 0.5878
vn 0.7037 0.6850 0.1885
vn 0.5769 0.6864 0.4427
vn 0.3642 0.6850 0.6309
vn 0.4827 0.2607 0.8361
vn 0.2499 0.2607 -0.9325
vn 0.5878 0.2600 -0.7660
vn 0.1885 0.6850 -0.7037
vn 0.4427 0.6864 -0.5769
vn 0.6309 0.6850 -0.3642
vn 0.8361 0.2607 -0.4827
vn -0.9573 0.2600 0.1260
vn -0.7209 0.6864 0.0949
vn -0.7037 0.6850 -0.1885
vn -0.9325 0.2607 -0.2499
vn -0.4827 0.2607 -0.8361
vn -0.7660 0.2600 -0.5878
vn -0.5769 0.6864 -0.4427
vn -0.3642 0.6850 -0.6309
vn 0.1260 0.2600 0.9573
vn 0.0949 0.6864 0.7209
vn 0.9573 0.2600 -0.1260
vn 0.7209 0.6864 -0.0949
vn -0.1260 0.2600 -0.9573
vn -0.0949 0.6864 -0.7209
vn 0.1349 0.9629 0.2336
vn 0.0352 0.9628 0.2678
vn 0.3488 0.7165 0.6041
vn 0.0915 0.7130 0.6952
vn -0.1805 0.7165 0.6738
vn -0.0698 0.9629 0.2606
vn 0.2336 0.9629 -0.1349
vn 0.2678 0.9628 -0.0352
vn 0.6041 0.7165 -0.3488
vn 0.6952 0.7130 -0.0915
vn 0.6738 0.7165 0.1805
vn 0.2606 0.9629 0.0698
vn -0.1349 0.9629 -0.2336
vn -0.0352 0.9628 -0.2678
vn -0.3488 0.7165 -0.6041
vn -0.0915 0.7130 -0.6952
vn 0.1805 0.7165 -0.6738
vn 0.0698 0.9629 -0.2606
vn -0.1644 0.9628 0.2143
vn -0.4268 0.7130 0.5563
vn -0.6041 0.7165 0.3488
vn -0.2336 0.9629 0.1349
vn 0.2143 0.9628 0.1644
vn 0.5563 0.7130 0.4268
vn 0.1644 0.9628 -0.2143
vn 0.4268 0.7130 -0.5563
vn -0.2678 0.9628 0.0352
vn -0.6952 0.7130 0.0915
vn -0.6738 0.7165 -0.1805
vn -0.2606 0.9629 -0.0698
vn -0.2143 0.9628 -0.1644
vn -0.5563 0.7130 -0.4268
vn 0.9659 -0.0058 0.2588
vn 0.7933 -0.0058 0.6087
vn 0.6095 -0.6402 0.4676
vn 0.5000 -0.0058 0.8660
vn 0.2588 -0.0058 -0.9659
vn 0.6087 -0.0058 -0.7933
vn 0.4676 -0.6402 -0.6095
vn 0.8660 -0.0058 -0.5000
vn -0.8660 -0.0058 0.5000
vn -0.9914 -0.0058 0.1305
vn -0.7616 -0.6402 0.1003
vn -0.9659 -0.0058 -0.2588
vn -0.5000 -0.0058 -0.8660
vn -0.7933 -0.0058 -0.6087
vn -0.6095 -0.6402 -0.4676
vn 0.1305 -0.0058 0.9914
vn 0.1003 -0.6402 0.7616
vn -0.2588 -0.0058 0.9659
vn 0.9914 -0.0058 -0.1305
vn 0.7616 -0.6402 -0.1003
vn -0.1305 -0.0058 -0.9914
vn -0.1003 -0.6402 -0.7616
vn -0.6087 -0.0058 0.7933
vn -0.4676 -0.6402 0.6095
vn 0.2637 -0.9640 -0.0347
vn 0.6629 -0.6435 -0.3827
vn 0.2286 -0.9645 -0.1320
vn 0.5604 -0.8249 -0.0738
vn 0.2550 -0.9645 0.0683
vn 0.7394 -0.6435 0.1981
vn -0.0347 -0.9640 -0.2636
vn -0.3827 -0.6435 -0.6629
vn -0.1320 -0.9645 -0.2286
vn -0.0738 -0.8249 -0.5604
vn 0.0683 -0.9645 -0.2550
vn 0.1981 -0.6435 -0.7394
vn -0.1619 -0.9640 0.2110
vn -0.1981 -0.6435 0.7394
vn -0.0683 -0.9645 0.2550
vn -0.3441 -0.8249 0.4484
vn -0.2286 -0.9645 0.1320
vn -0.6629 -0.6435 0.3827
vn 0.2110 -0.9640 0.1619
vn 0.4484 -0.8249 0.3441
vn 0.1320 -0.9645 0.2286
vn 0.3827 -0.6435 0.6629
vn 0.1619 -0.9640 -0.2110
vn 0.3441 -0.8249 -0.4484
vn -0.2637 -0.9640 0.0347
vn -0.5604 -0.8249 0.0738
vn -0.2550 -0.9645 -0.0683
vn -0.7394 -0.6435 -0.1981
vn -0.2110 -0.9640 -0.1619
vn -0.4484 -0.8249 -0.3441
vn 0.0347 -0.9640 0.2637
vn 0.0738 -0.8249 0.5604
vn 0.6086 -0.0221 -0.7931
vn 0.1467 -0.8237 -0.5476
vn 0.2587 -0.0221 -0.9657
vn 0.1536 0.8049 -0.5732
vn 0.3602 0.8061 -0.4694
vn 0.5139 0.8049 -0.2967
vn 0.8658 -0.0220 -0.4999
vn 0.4910 -0.8237 -0.2835
vn -0.9912 -0.0221 0.1305
vn -0.4910 -0.8237 0.2835
vn -0.8658 -0.0220 0.4999
vn -0.5139 0.8049 0.2967
vn -0.5866 0.8061 0.0772
vn -0.5732 0.8049 -0.1536
vn -0.9657 -0.0220 -0.2587
vn -0.5477 -0.8237 -0.1467
vn -0.7931 -0.0221 -0.6086
vn -0.2835 -0.8237 -0.4910
vn -0.4694 0.8061 -0.3602
vn -0.2967 0.8049 -0.5139
vn -0.4999 -0.0220 -0.8658
vn 0.1305 -0.0221 0.9912
vn 0.2835 -0.8237 0.4910
vn 0.4999 -0.0220 0.8658
vn 0.2967 0.8049 0.5139
vn 0.0772 0.8061 0.5866
vn -0.1536 0.8049 0.5731
vn -0.2587 -0.0220 0.9657
vn -0.1467 -0.8237 0.5477
vn 0.9912 -0.0221 -0.1305
vn 0.5866 0.8061 -0.0772
vn 0.5732 0.8049 0.1536
vn 0.9657 -0.0220 0.2587
vn 0.5477 -0.8237 0.1467
vn -0.1305 -0.0221 -0.9912
vn -0.0772 0.8061 -0.5866
vn -0.6086 -0.0221 0.7931
vn -0.3602 0.8061 0.4694
vn 0.7931 -0.0221 0.6086
vn 0.4694 0.8061 0.3602
vn -0.2226 0.8954 -0.3856
vn -0.0586 0.8936 -0.4450
vn -0.4718 0.3308 -0.8173
vn -0.1233 0.3287 -0.9363
vn 0.2442 0.3308 -0.9115
vn 0.1152 0.8954 -0.4301
vn -0.1152 0.8954 0.4301
vn -0.2732 0.8936 0.3561
vn -0.2442 0.3308 0.9115
vn -0.5749 0.3287 0.7492
vn -0.8173 0.3308 0.4718
vn -0.3856 0.8954 0.2226
vn 0.4301 0.8954 0.1152
vn 0.3561 0.8936 0.2732
vn 0.9115 0.3308 0.2442
vn 0.7492 0.3287 0.5749
vn 0.4718 0.3308 0.8173
vn 0.2226 0.8954 0.3856
vn 0.2732 0.8936 -0.3561
vn 0.5749 0.3287 -0.7492
vn 0.8173 0.3308 -0.4718
vn 0.3856 0.8954 -0.2226
vn -0.4450 0.8936 0.0586
vn -0.9363 0.3287 0.1233
vn -0.9115 0.3308 -0.2442
vn -0.4301 0.8954 -0.1152
vn -0.3561 0.8936 -0.2732
vn -0.7492 0.3287 -0.5749
vn 0.0586 0.8936 0.4450
vn 0.1233 0.3287 0.9363
vn 0.4450 0.8936 -0.0586
vn 0.9363 0.3287 -0.1233
vn -0.7757 -0.2095 -0.5952
vn -0.9443 -0.2104 -0.2530
vn -0.7266 -0.4013 -0.5576
vn -0.4888 -0.2104 -0.8466
vn 0.1276 -0.2095 0.9694
vn 0.4888 -0.2104 0.8466
vn 0.1195 -0.4013 0.9081
vn -0.2530 -0.2104 0.9443
vn 0.9694 -0.2095 -0.1276
vn 0.8466 -0.2104 -0.4888
vn 0.9081 -0.4013 -0.1195
vn 0.9443 -0.2104 0.2530
vn -0.1276 -0.2095 -0.9694
vn -0.1195 -0.4013 -0.9081
vn 0.2530 -0.2104 -0.9443
vn -0.5952 -0.2095 0.7757
vn -0.5576 -0.4013 0.7266
vn -0.8466 -0.2104 0.4888
vn 0.7757 -0.2095 0.5952
vn 0.7266 -0.4013 0.5576
vn 0.5952 -0.2095 -0.7757
vn 0.5576 -0.4013 -0.7266
vn -0.9694 -0.2095 0.1276
vn -0.9081 -0.4013 0.1195
vn 0.6744 -0.5267 0.5174
vn 0.8841 -0.4027 0.2369
vn 0.8202 -0.5281 0.2198
vn 0.7926 0.0440 0.6081
vn 0.4246 -0.5281 0.7354
vn 0.4577 -0.4027 0.7927
vn 0.5174 -0.5267 -0.6744
vn 0.2369 -0.4027 -0.8841
vn 0.2198 -0.5281 -0.8202
vn 0.6081 0.0440 -0.7926
vn 0.7354 -0.5281 -0.4246
vn 0.7927 -0.4027 -0.4576
vn -0.8427 -0.5267 0.1109
vn -0.7927 -0.4027 0.4577
vn -0.7354 -0.5281 0.4246
vn -0.9905 0.0440 0.1304
vn -0.8202 -0.5281 -0.2198
vn -0.8841 -0.4027 -0.2369
vn -0.6744 -0.5267 -0.5174
vn -0.4576 -0.4027 -0.7927
vn -0.7926 0.0438 -0.6082
vn -0.4246 -0.5281 -0.7354
vn 0.1109 -0.5267 0.8427
vn 0.1304 0.0440 0.9905
vn -0.2198 -0.5281 0.8202
vn -0.2369 -0.4027 0.8841
vn 0.8427 -0.5267 -0.1109
vn 0.9905 0.0440 -0.1304
vn -0.1109 -0.5267 -0.8427
vn -0.1303 0.0443 -0.9904
vn -0.5174 -0.5267 0.6744
vn -0.6081 0.0440 0.7926
vn -0.3856 0.6368 -0.6677
vn -0.1009 0.6360 -0.7650
vn -0.3858 0.6368 -0.6675
vn -0.1012 0.6360 -0.7650
vn 0.1993 0.6370 -0.7447
vn 0.1994 0.6370 -0.7446
vn -0.1996 0.6368 0.7447
vn -0.4700 0.6356 0.6125
vn -0.6677 0.6368 0.3855
vn 0.7447 0.6368 0.1996
vn 0.6125 0.6356 0.4700
vn 0.3855 0.6368 0.6677
vn 0.4699 0.6356 -0.6125
vn 0.6677 0.6368 -0.3855
vn -0.7654 0.6356 0.1008
vn -0.7654 0.6356 0.1009
vn -0.7450 0.6365 -0.1993
vn -0.7450 0.6366 -0.1995
vn -0.6129 0.6352 -0.4700
vn -0.6131 0.6351 -0.4698
vn 0.1007 0.6356 0.7654
vn 0.7654 0.6356 -0.1007
vn 0.1054 0.5930 0.7982
vn 0.3750 0.6613 0.6496
vn 0.0981 0.6602 0.7446
vn 0.2314 0.8863 0.4010
vn 0.0602 0.8869 0.4580
vn -0.1198 0.8863 0.4473
vn -0.1939 0.6611 0.7248
vn 0.4899 0.5935 -0.6385
vn 0.1941 0.6613 -0.7245
vn 0.4570 0.6606 -0.5956
vn 0.1198 0.8863 -0.4472
vn 0.2810 0.8870 -0.3663
vn 0.4010 0.8863 -0.2315
vn 0.6496 0.6613 -0.3750
vn -0.6385 0.5935 -0.4899
vn -0.7245 0.6613 -0.1941
vn -0.5956 0.6606 -0.4570
vn -0.4472 0.8863 -0.1198
vn -0.3663 0.8870 -0.2810
vn -0.2315 0.8863 -0.4010
vn -0.3750 0.6613 -0.6496
vn -0.4899 0.5934 0.6386
vn -0.4570 0.6606 0.5956
vn -0.2810 0.8870 0.3663
vn -0.4010 0.8863 0.2315
vn -0.6496 0.6613 0.3750
vn 0.7979 0.5935 -0.1051
vn 0.7443 0.6606 -0.0980
vn 0.4577 0.8870 -0.0602
vn 0.4471 0.8864 0.1197
vn 0.7244 0.6615 0.1938
vn 0.6385 0.5939 0.4895
vn 0.5954 0.6610 0.4567
vn 0.3661 0.8871 0.2810
vn -0.1050 0.5935 -0.7980
vn -0.0980 0.6606 -0.7443
vn -0.0602 0.8870 -0.4577
vn -0.7980 0.5935 0.1050
vn -0.7443 0.6606 0.0980
vn -0.4577 0.8870 0.0602
vn -0.0484 0.9987 -0.0129
vn -0.0389 0.9988 -0.0299
vn 0.5958 0.7871 0.1596
vn 0.4928 0.7836 0.3782
vn 0.3084 0.7871 0.5342
vn -0.0250 0.9987 -0.0434
vn -0.0129 0.9987 0.0484
vn -0.0299 0.9988 0.0389
vn 0.1596 0.7871 -0.5958
vn 0.3782 0.7836 -0.4928
vn 0.5342 0.7871 -0.3084
vn -0.0434 0.9987 0.0250
vn 0.0434 0.9987 -0.0250
vn 0.0487 0.9988 -0.0064
vn -0.5342 0.7871 0.3084
vn -0.6159 0.7836 0.0811
vn -0.5958 0.7871 -0.1596
vn 0.0484 0.9987 0.0129
vn 0.0250 0.9987 0.0434
vn 0.0389 0.9988 0.0299
vn -0.4928 0.7836 -0.3782
vn -0.3084 0.7871 -0.5342
vn -0.0064 0.9988 -0.0487
vn 0.0811 0.7836 0.6159
vn -0.1596 0.7871 0.5958
vn 0.0129 0.9987 -0.0484
vn -0.0487 0.9988 0.0064
vn 0.6159 0.7836 -0.0811
vn 0.0064 0.9988 0.0487
vn -0.0811 0.7836 -0.6159
vn 0.0299 0.9988 -0.0389
vn -0.3782 0.7836 0.4928
vn 0.8495 0.1946 -0.4904
vn 0.9704 0.2047 -0.1278
vn 0.8066 0.3638 -0.4657
vn 0.7109 0.6970 -0.0936
vn 0.8997 0.3638 0.2411
vn 0.9474 0.1946 0.2539
vn -0.4904 0.1946 -0.8495
vn -0.1278 0.2047 -0.9704
vn -0.4657 0.3638 -0.8066
vn -0.0936 0.6970 -0.7109
vn 0.2411 0.3638 -0.8997
vn 0.2539 0.1946 -0.9474
vn -0.2539 0.1946 0.9474
vn -0.5958 0.2047 0.7765
vn -0.2411 0.3638 0.8997
vn -0.4365 0.6970 0.5689
vn -0.8066 0.3638 0.4657
vn -0.8495 0.1946 0.4904
vn 0.7765 0.2047 0.5958
vn 0.5689 0.6970 0.4365
vn 0.4657 0.3638 0.8066
vn 0.4904 0.1946 0.8495
vn 0.5958 0.2047 -0.7765
vn 0.4365 0.6970 -0.5689
vn -0.9704 0.2047 0.1278
vn -0.7109 0.6970 0.0936
vn -0.8997 0.3638 -0.2411
vn -0.9474 0.1946 -0.2539
vn -0.7765 0.2047 -0.5958
vn -0.5689 0.6970 -0.4365
vn 0.1278 0.2047 0.9704
vn 0.0936 0.6970 0.7109
vn 0.0000 1.0000 0.0000
vn 0.8660 0.0000 -0.5000
vn -0.5000 0.0000 -0.8660
vn 0.2588 0.0000 -0.9659
vn -0.8660 0.0000 0.5000
vn 0.5000 0.0000 0.8660
vn 0.9650 0.0438 0.2586
vn 0.4995 0.0438 0.8652
vn 0.2586 0.0439 -0.9650
vn 0.8652 0.0438 -0.4995
vn -0.8652 0.0438 0.4995
vn -0.9650 0.0437 -0.2586
vn -0.4994 0.0438 -0.8653
vn -0.2586 0.0438 0.9650
vn 0.4023 0.5947 0.6960
vn -0.2077 0.5944 0.7768
vn 0.2081 0.5947 -0.7766
vn 0.6962 0.5947 -0.4020
vn -0.7766 0.5947 -0.2081
vn -0.4020 0.5947 -0.6962
vn -0.6962 0.5947 0.4020
vn 0.7765 0.5949 0.2076
usemtl White_marble
s 1
f 733//1 196//2 1//3
f 1//3 552//4 191//5
f 1//3 551//6 195//7
f 195//7 733//1 1//3
f 737//8 198//9 2//10
f 2//10 554//11 193//12
f 2//10 553//13 197//14
f 197//14 737//8 2//10
f 3//15 726//16 200//17
f 3//15 549//18 188//19
f 3//15 548//20 199//21
f 199//21 727//22 3//15
f 4//23 730//24 195//7
f 4//23 551//6 190//25
f 4//23 550//26 201//27
f 201//27 731//28 4//23
f 735//29 197//14 5//30
f 5//30 553//13 192//31
f 5//30 552//4 196//2
f 196//2 735//29 5//30
f 724//32 199//21 6//33
f 6//33 548//20 187//34
f 6//33 547//35 202//36
f 6//33 725//37 724//32
f 198//9 738//38 7//39
f 738//38 202//36 7//39
f 7//39 547//35 194//40
f 7//39 554//11 198//9
f 729//41 201//27 8//42
f 8//42 550//26 189//43
f 8//42 549//18 200//17
f 200//17 729//41 8//42
f 291//44 284//45 9//46
f 9//46 562//47 209//48
f 9//46 561//49 211//50
f 211//50 291//44 9//46
f 292//51 286//52 10//53
f 10//53 557//54 204//55
f 10//53 556//56 213//57
f 213//57 292//51 10//53
f 293//58 288//59 11//60
f 11//60 559//61 206//62
f 11//60 558//63 215//64
f 215//64 293//58 11//60
f 294//65 211//50 12//66
f 12//66 561//49 208//67
f 12//66 560//68 217//69
f 217//69 294//65 12//66
f 295//70 213//57 13//71
f 13//71 556//56 203//72
f 13//71 555//73 218//74
f 218//74 295//70 13//71
f 284//45 296//75 14//76
f 296//75 218//74 14//76
f 14//76 555//73 210//77
f 14//76 562//47 284//45
f 297//78 215//64 15//79
f 15//79 558//63 205//80
f 15//79 557//54 286//52
f 286//52 297//78 15//79
f 298//81 217//69 16//82
f 16//82 560//68 207//83
f 16//82 559//61 288//59
f 288//59 298//81 16//82
f 17//84 540//84 179//84
f 17//84 539//84 186//84
f 17//84 546//84 185//84
f 17//84 545//84 184//84
f 17//84 544//84 183//84
f 17//84 543//84 182//84
f 17//84 542//84 181//84
f 17//84 541//84 180//84
f 207//83 228//85 18//86
f 18//86 568//87 223//88
f 18//86 567//89 227//90
f 227//90 207//83 18//86
f 209//48 230//91 19//92
f 19//92 570//93 225//94
f 19//92 569//95 229//96
f 229//96 209//48 19//92
f 204//55 232//97 20//98
f 20//98 565//99 220//100
f 20//98 564//101 231//102
f 231//102 204//55 20//98
f 206//62 227//90 21//103
f 21//103 567//89 222//104
f 21//103 566//105 233//106
f 233//106 206//62 21//103
f 208//67 229//96 22//107
f 22//107 569//95 224//108
f 22//107 568//87 228//85
f 228//85 208//67 22//107
f 203//72 231//102 23//109
f 23//109 564//101 219//110
f 23//109 563//111 234//112
f 234//112 203//72 23//109
f 230//91 210//77 24//113
f 210//77 234//112 24//113
f 24//113 563//111 226//114
f 24//113 570//93 230//91
f 205//80 233//106 25//115
f 25//115 566//105 221//116
f 25//115 565//99 232//97
f 232//97 205//80 25//115
f 224//108 244//117 26//118
f 26//118 577//119 240//120
f 26//118 576//121 243//122
f 243//122 224//108 26//118
f 219//110 246//123 27//124
f 27//124 572//125 235//126
f 27//124 571//127 245//128
f 245//128 219//110 27//124
f 247//129 226//114 28//130
f 226//114 245//128 28//130
f 28//130 571//127 242//131
f 28//130 578//132 247//129
f 221//116 249//133 29//134
f 29//134 574//135 237//136
f 29//134 573//137 248//138
f 248//138 221//116 29//134
f 223//88 243//122 30//139
f 30//139 576//121 239//140
f 30//139 575//141 250//142
f 250//142 223//88 30//139
f 225//94 247//129 31//143
f 31//143 578//132 241//144
f 31//143 577//119 244//117
f 244//117 225//94 31//143
f 220//100 248//138 32//145
f 32//145 573//137 236//146
f 32//145 572//125 246//123
f 246//123 220//100 32//145
f 222//104 250//142 33//147
f 33//147 575//141 238//148
f 33//147 574//135 249//133
f 249//133 222//104 33//147
f 275//149 268//150 34//151
f 268//150 257//152 34//151
f 257//152 259//153 34//151
f 259//153 275//149 34//151
f 276//154 270//155 35//156
f 270//155 252//157 35//156
f 252//157 261//158 35//156
f 261//158 276//154 35//156
f 277//159 272//160 36//161
f 272//160 254//162 36//161
f 254//162 263//163 36//161
f 263//163 277//159 36//161
f 278//164 259//153 37//165
f 259//153 256//166 37//165
f 256//166 265//167 37//165
f 265//167 278//164 37//165
f 279//168 261//158 38//169
f 261//158 251//170 38//169
f 251//170 266//171 38//169
f 266//171 279//168 38//169
f 268//150 280//172 39//173
f 280//172 266//171 39//173
f 266//171 258//174 39//173
f 258//174 268//150 39//173
f 281//175 263//163 40//176
f 263//163 253//177 40//176
f 253//177 270//155 40//176
f 270//155 281//175 40//176
f 282//178 265//167 41//179
f 265//167 255//180 41//179
f 255//180 272//160 41//179
f 272//160 282//178 41//179
f 241//144 260//181 42//182
f 42//182 588//183 275//149
f 42//182 587//184 267//185
f 267//185 241//144 42//182
f 236//146 262//186 43//187
f 43//187 590//188 276//154
f 43//187 589//189 269//190
f 269//190 236//146 43//187
f 238//148 264//191 44//192
f 44//192 592//193 277//159
f 44//192 591//194 271//195
f 271//195 238//148 44//192
f 240//120 267//185 45//196
f 45//196 587//184 278//164
f 45//196 593//197 273//198
f 273//198 240//120 45//196
f 235//126 269//190 46//199
f 46//199 589//189 279//168
f 46//199 594//200 274//201
f 274//201 235//126 46//199
f 260//181 242//131 47//202
f 242//131 274//201 47//202
f 47//202 594//200 280//172
f 47//202 588//183 260//181
f 237//136 271//195 48//203
f 48//203 591//194 281//175
f 48//203 590//188 262//186
f 262//186 237//136 48//203
f 239//140 273//198 49//204
f 49//204 593//197 282//178
f 49//204 592//193 264//191
f 264//191 239//140 49//204
f 193//12 212//205 50//206
f 50//206 596//207 291//44
f 50//206 595//208 283//209
f 283//209 193//12 50//206
f 188//19 214//210 51//211
f 51//211 598//212 292//51
f 51//211 597//213 285//214
f 285//214 188//19 51//211
f 190//25 216//215 52//216
f 52//216 600//217 293//58
f 52//216 599//218 287//219
f 287//219 190//25 52//216
f 192//31 283//209 53//220
f 53//220 595//208 294//65
f 53//220 601//221 289//222
f 289//222 192//31 53//220
f 187//34 285//214 54//223
f 54//223 597//213 295//70
f 54//223 602//224 290//225
f 290//225 187//34 54//223
f 212//205 194//40 55//226
f 194//40 290//225 55//226
f 55//226 602//224 296//75
f 55//226 596//207 212//205
f 189//43 287//219 56//227
f 56//227 599//218 297//78
f 56//227 598//212 214//210
f 214//210 189//43 56//227
f 191//5 289//222 57//228
f 57//228 601//221 298//81
f 57//228 600//217 216//215
f 216//215 191//5 57//228
f 58//229 584//230 308//231
f 308//231 303//232 58//229
f 303//232 307//233 58//229
f 58//229 583//234 255//180
f 59//235 586//236 310//237
f 310//237 305//238 59//235
f 305//238 309//239 59//235
f 59//235 585//240 257//152
f 60//241 581//242 312//243
f 312//243 300//244 60//241
f 300//244 311//245 60//241
f 60//241 580//246 252//157
f 61//247 583//234 307//233
f 307//233 302//248 61//247
f 302//248 313//249 61//247
f 61//247 582//250 254//162
f 62//251 585//240 309//239
f 309//239 304//252 62//251
f 304//252 308//231 62//251
f 62//251 584//230 256//166
f 63//253 580//246 311//245
f 311//245 299//254 63//253
f 299//254 314//255 63//253
f 63//253 579//256 251//170
f 64//257 586//236 258//174
f 64//257 579//256 314//255
f 314//255 306//258 64//257
f 306//258 310//237 64//257
f 65//259 582//250 313//249
f 313//249 301//260 65//259
f 301//260 312//243 65//259
f 65//259 581//242 253//177
f 66//261 610//262 306//258
f 66//261 603//263 323//264
f 66//261 611//265 322//266
f 66//261 618//267 324//268
f 67//269 606//270 326//271
f 67//269 614//272 317//273
f 67//269 613//274 325//275
f 67//269 605//276 301//260
f 68//277 608//278 328//279
f 68//277 616//280 319//281
f 68//277 615//282 327//283
f 68//277 607//284 303//232
f 69//285 610//262 324//268
f 69//285 618//267 321//286
f 69//285 617//287 329//288
f 69//285 609//289 305//238
f 70//290 605//276 325//275
f 70//290 613//274 316//291
f 70//290 612//292 330//293
f 70//290 604//294 300//244
f 71//295 607//284 327//283
f 71//295 615//282 318//296
f 71//295 614//272 326//271
f 71//295 606//270 302//248
f 72//297 609//289 329//288
f 72//297 617//287 320//298
f 72//297 616//280 328//279
f 72//297 608//278 304//252
f 73//299 604//294 330//293
f 73//299 612//292 315//300
f 73//299 611//265 323//264
f 73//299 603//263 299//254
f 318//296 340//301 74//302
f 74//302 623//303 334//304
f 74//302 622//305 339//306
f 339//306 318//296 74//302
f 320//298 342//307 75//308
f 75//308 625//309 336//310
f 75//308 624//311 341//312
f 341//312 320//298 75//308
f 315//300 344//313 76//314
f 76//314 620//315 331//316
f 76//314 619//317 343//318
f 343//318 315//300 76//314
f 345//319 322//266 77//320
f 322//266 343//318 77//320
f 77//320 619//317 338//321
f 77//320 626//322 345//319
f 317//273 339//306 78//323
f 78//323 622//305 333//324
f 78//323 621//325 346//326
f 346//326 317//273 78//323
f 319//281 341//312 79//327
f 79//327 624//311 335//328
f 79//327 623//303 340//301
f 340//301 319//281 79//327
f 321//286 345//319 80//329
f 80//329 626//322 337//330
f 80//329 625//309 342//307
f 342//307 321//286 80//329
f 316//291 346//326 81//331
f 81//331 621//325 332//332
f 81//331 620//315 344//313
f 344//313 316//291 81//331
f 332//332 356//333 82//334
f 82//334 629//335 348//336
f 82//334 628//337 355//338
f 355//338 332//332 82//334
f 334//304 358//339 83//340
f 83//340 631//341 350//342
f 83//340 630//343 357//344
f 357//344 334//304 83//340
f 336//310 360//345 84//346
f 84//346 633//347 352//348
f 84//346 632//349 359//350
f 359//350 336//310 84//346
f 331//316 355//338 85//351
f 85//351 628//337 347//352
f 85//351 627//353 361//354
f 361//354 331//316 85//351
f 362//355 338//321 86//356
f 338//321 361//354 86//356
f 86//356 627//353 354//357
f 86//356 634//358 362//355
f 333//324 357//344 87//359
f 87//359 630//343 349//360
f 87//359 629//335 356//333
f 356//333 333//324 87//359
f 335//328 359//350 88//361
f 88//361 632//349 351//362
f 88//361 631//341 358//339
f 358//339 335//328 88//361
f 337//330 362//355 89//363
f 89//363 634//358 353//364
f 89//363 633//347 360//345
f 360//345 337//330 89//363
f 349//360 372//365 90//366
f 90//366 638//367 365//368
f 90//366 637//369 371//370
f 371//370 349//360 90//366
f 351//362 374//371 91//372
f 91//372 640//373 367//374
f 91//372 639//375 373//376
f 373//376 351//362 91//372
f 353//364 376//377 92//378
f 92//378 642//379 369//380
f 92//378 641//381 375//382
f 375//382 353//364 92//378
f 348//336 371//370 93//383
f 93//383 637//369 364//384
f 93//383 636//385 377//386
f 377//386 348//336 93//383
f 350//342 373//376 94//387
f 94//387 639//375 366//388
f 94//387 638//367 372//365
f 372//365 350//342 94//387
f 352//348 375//382 95//389
f 95//389 641//381 368//390
f 95//389 640//373 374//371
f 374//371 352//348 95//389
f 347//352 377//386 96//391
f 96//391 636//385 363//392
f 96//391 635//393 378//394
f 378//394 347//352 96//391
f 376//377 354//357 97//395
f 354//357 378//394 97//395
f 97//395 635//393 370//396
f 97//395 642//379 376//377
f 366//388 388//397 98//398
f 388//397 382//399 98//398
f 382//399 387//400 98//398
f 387//400 366//388 98//398
f 368//390 390//401 99//402
f 390//401 384//403 99//402
f 384//403 389//404 99//402
f 389//404 368//390 99//402
f 363//392 392//405 100//406
f 392//405 379//407 100//406
f 379//407 391//408 100//406
f 391//408 363//392 100//406
f 393//409 370//396 101//410
f 370//396 391//408 101//410
f 391//408 386//411 101//410
f 386//411 393//409 101//410
f 365//368 387//400 102//412
f 387//400 381//413 102//412
f 381//413 394//414 102//412
f 394//414 365//368 102//412
f 367//374 389//404 103//415
f 389//404 383//416 103//415
f 383//416 388//397 103//415
f 388//397 367//374 103//415
f 369//380 393//409 104//417
f 393//409 385//418 104//417
f 385//418 390//401 104//417
f 390//401 369//380 104//417
f 364//384 394//414 105//419
f 394//414 380//420 105//419
f 380//420 392//405 105//419
f 392//405 364//384 105//419
f 106//421 648//422 404//423
f 404//423 399//424 106//421
f 399//424 403//425 106//421
f 106//421 647//426 383//416
f 107//427 650//428 406//429
f 406//429 401//430 107//427
f 401//430 405//431 107//427
f 107//427 649//432 385//418
f 108//433 645//434 408//435
f 408//435 396//436 108//433
f 396//436 407//437 108//433
f 108//433 644//438 380//420
f 109//439 647//426 403//425
f 403//425 398//440 109//439
f 398//440 409//441 109//439
f 109//439 646//442 382//399
f 110//443 649//432 405//431
f 405//431 400//444 110//443
f 400//444 404//423 110//443
f 110//443 648//422 384//403
f 111//445 644//438 407//437
f 407//437 395//446 111//445
f 395//446 410//447 111//445
f 111//445 643//448 379//407
f 112//449 650//428 386//411
f 112//449 643//448 410//447
f 410//447 402//450 112//449
f 402//450 406//429 112//449
f 113//451 646//442 409//441
f 409//441 397//452 113//451
f 397//452 408//435 113//451
f 113//451 645//434 381//413
f 114//453 657//454 420//455
f 114//453 665//456 416//457
f 114//453 664//458 419//459
f 114//453 656//460 400//444
f 115//461 652//462 422//463
f 115//461 660//464 411//465
f 115//461 659//466 421//467
f 115//461 651//468 395//446
f 116//469 658//470 402//450
f 116//469 651//468 421//467
f 116//469 659//466 418//471
f 116//469 666//472 423//473
f 117//474 654//475 425//476
f 117//474 662//477 413//478
f 117//474 661//479 424//480
f 117//474 653//481 397//452
f 118//482 656//460 419//459
f 118//482 664//458 415//483
f 118//482 663//484 426//485
f 118//482 655//486 399//424
f 119//487 658//470 423//473
f 119//487 666//472 417//488
f 119//487 665//456 420//455
f 119//487 657//454 401//430
f 120//489 653//481 424//480
f 120//489 661//479 412//490
f 120//489 660//464 422//463
f 120//489 652//462 396//436
f 121//491 655//486 426//485
f 121//491 663//484 414//492
f 121//491 662//477 425//476
f 121//491 654//475 398//440
f 417//488 436//493 122//494
f 122//494 674//495 433//496
f 122//494 673//497 435//498
f 435//498 417//488 122//494
f 412//490 438//499 123//500
f 123//500 669//501 428//502
f 123//500 668//503 437//504
f 437//504 412//490 123//500
f 414//492 440//505 124//506
f 124//506 671//507 430//508
f 124//506 670//509 439//510
f 439//510 414//492 124//506
f 416//457 435//498 125//511
f 125//511 673//497 432//512
f 125//511 672//513 441//514
f 441//514 416//457 125//511
f 411//465 437//504 126//515
f 126//515 668//503 427//516
f 126//515 667//517 442//518
f 442//518 411//465 126//515
f 436//493 418//471 127//519
f 418//471 442//518 127//519
f 127//519 667//517 434//520
f 127//519 674//495 436//493
f 413//478 439//510 128//521
f 128//521 670//509 429//522
f 128//521 669//501 438//499
f 438//499 413//478 128//521
f 415//483 441//514 129//523
f 129//523 672//513 431//524
f 129//523 671//507 440//505
f 440//505 415//483 129//523
f 130//525 674//495 434//520
f 130//525 667//517 451//526
f 451//526 450//527 130//525
f 450//527 452//528 130//525
f 131//529 670//509 454//530
f 454//530 445//531 131//529
f 445//531 453//532 131//529
f 131//529 669//501 429//522
f 132//533 672//513 456//534
f 456//534 447//535 132//533
f 447//535 455//536 132//533
f 132//533 671//507 431//524
f 133//537 674//495 452//528
f 452//528 449//538 133//537
f 449//538 457//539 133//537
f 133//537 673//497 433//496
f 134//540 669//501 453//532
f 453//532 444//541 134//540
f 444//541 458//542 134//540
f 134//540 668//503 428//502
f 135//543 671//507 455//536
f 455//536 446//544 135//543
f 446//544 454//530 135//543
f 135//543 670//509 430//508
f 136//545 673//497 457//539
f 457//539 448//546 136//545
f 448//546 456//534 136//545
f 136//545 672//513 432//512
f 137//547 668//503 458//542
f 458//542 443//548 137//547
f 443//548 451//526 137//547
f 137//547 667//517 427//516
f 138//549 679//550 468//551
f 468//551 462//552 138//549
f 462//552 467//553 138//549
f 138//549 678//554 446//544
f 139//555 681//556 470//557
f 470//557 464//558 139//555
f 464//558 469//559 139//555
f 139//555 680//560 448//546
f 140//561 676//562 472//563
f 472//563 459//564 140//561
f 459//564 471//565 140//561
f 140//561 675//566 443//548
f 141//567 682//568 450//527
f 141//567 675//566 471//565
f 471//565 466//569 141//567
f 466//569 473//570 141//567
f 142//571 678//554 467//553
f 467//553 461//572 142//571
f 461//572 474//573 142//571
f 142//571 677//574 445//531
f 143//575 680//560 469//559
f 469//559 463//576 143//575
f 463//576 468//551 143//575
f 143//575 679//550 447//535
f 144//577 682//568 473//570
f 473//570 465//578 144//577
f 465//578 470//557 144//577
f 144//577 681//556 449//538
f 145//579 677//574 474//573
f 474//573 460//580 145//579
f 460//580 472//563 145//579
f 145//579 676//562 444//541
f 465//578 484//581 146//582
f 146//582 752//583 753//584
f 146//582 750//585 483//586
f 483//586 465//578 146//582
f 460//580 486//587 147//588
f 147//588 742//587 743//588
f 147//588 739//589 485//589
f 485//589 460//580 147//588
f 462//552 488//590 148//591
f 148//591 746//590 747//591
f 148//591 744//592 487//592
f 487//592 462//552 148//591
f 464//558 483//586 149//593
f 149//593 750//585 751//593
f 149//593 748//594 489//594
f 489//594 464//558 149//593
f 459//564 485//589 150//595
f 150//595 739//589 740//596
f 150//595 741//597 490//598
f 490//598 459//564 150//595
f 484//581 466//569 151//599
f 466//569 490//598 151//599
f 151//599 741//597 754//600
f 151//599 752//583 484//581
f 461//572 487//592 152//601
f 152//601 744//592 745//601
f 152//601 742//587 486//587
f 486//587 461//572 152//601
f 463//576 489//594 153//602
f 153//602 748//594 749//602
f 153//602 746//590 488//590
f 488//590 463//576 153//602
f 481//603 500//604 154//605
f 154//605 706//606 497//607
f 154//605 705//608 499//609
f 499//609 481//603 154//605
f 476//610 502//611 155//612
f 155//612 701//613 492//614
f 155//612 700//615 501//616
f 501//616 476//610 155//612
f 478//617 504//618 156//619
f 156//619 703//620 494//621
f 156//619 702//622 503//623
f 503//623 478//617 156//619
f 480//624 499//609 157//625
f 157//625 705//608 496//626
f 157//625 704//627 505//628
f 505//628 480//624 157//625
f 475//629 501//616 158//630
f 158//630 700//615 491//631
f 158//630 699//632 506//633
f 506//633 475//629 158//630
f 500//604 482//634 159//635
f 482//634 506//633 159//635
f 159//635 699//632 498//636
f 159//635 706//606 500//604
f 477//637 503//623 160//638
f 160//638 702//622 493//639
f 160//638 701//613 502//611
f 502//611 477//637 160//638
f 479//640 505//628 161//641
f 161//641 704//627 495//642
f 161//641 703//620 504//618
f 504//618 479//640 161//641
f 494//621 516//643 162//644
f 162//644 711//645 510//646
f 162//644 710//647 515//648
f 515//648 494//621 162//644
f 496//626 518//649 163//650
f 163//650 713//651 512//652
f 163//650 712//653 517//654
f 517//654 496//626 163//650
f 491//631 520//655 164//656
f 164//656 708//657 507//658
f 164//656 707//659 519//660
f 519//660 491//631 164//656
f 521//661 498//636 165//662
f 498//636 519//660 165//662
f 165//662 707//659 514//663
f 165//662 714//664 521//661
f 493//639 515//648 166//665
f 166//665 710//647 509//666
f 166//665 709//667 522//668
f 522//668 493//639 166//665
f 495//642 517//654 167//669
f 167//669 712//653 511//670
f 167//669 711//645 516//643
f 516//643 495//642 167//669
f 497//607 521//661 168//671
f 168//671 714//664 513//672
f 168//671 713//651 518//649
f 518//649 497//607 168//671
f 492//614 522//668 169//673
f 169//673 709//667 508//674
f 169//673 708//657 520//655
f 520//655 492//614 169//673
f 511//670 532//675 170//676
f 170//676 720//677 527//678
f 170//676 719//679 531//680
f 531//680 511//670 170//676
f 513//672 534//681 171//682
f 171//682 722//683 529//684
f 171//682 721//685 533//686
f 533//686 513//672 171//682
f 508//674 536//687 172//688
f 172//688 717//689 524//690
f 172//688 716//691 535//692
f 535//692 508//674 172//688
f 510//646 531//680 173//693
f 173//693 719//679 526//694
f 173//693 718//695 537//696
f 537//696 510//646 173//693
f 512//652 533//686 174//697
f 174//697 721//685 528//698
f 174//697 720//677 532//675
f 532//675 512//652 174//697
f 507//658 535//692 175//699
f 175//699 716//691 523//700
f 175//699 715//701 538//702
f 538//702 507//658 175//699
f 534//681 514//663 176//703
f 514//663 538//702 176//703
f 176//703 715//701 530//704
f 176//703 722//683 534//681
f 509//666 537//696 177//705
f 177//705 718//695 525//706
f 177//705 717//689 536//687
f 536//687 509//666 177//705
f 524//690 525//706 178//707
f 525//706 526//694 178//707
f 526//694 527//678 178//707
f 527//678 528//698 178//707
f 528//698 529//684 178//707
f 529//684 530//704 178//707
f 530//704 523//700 178//707
f 523//700 524//690 178//707
f 733//1 732//708 196//2
f 1//3 196//2 552//4
f 1//3 191//5 551//6
f 195//7 730//24 733//1
f 737//8 736//709 198//9
f 2//10 198//9 554//11
f 2//10 193//12 553//13
f 197//14 734//710 737//8
f 3//15 727//22 726//16
f 3//15 200//17 549//18
f 3//15 188//19 548//20
f 199//21 723//711 727//22
f 4//23 731//28 730//24
f 4//23 195//7 551//6
f 4//23 190//25 550//26
f 201//27 728//712 731//28
f 735//29 734//710 197//14
f 5//30 197//14 553//13
f 5//30 192//31 552//4
f 196//2 732//708 735//29
f 724//32 723//711 199//21
f 6//33 199//21 548//20
f 6//33 187//34 547//35
f 6//33 202//36 725//37
f 198//9 736//709 738//38
f 738//38 725//37 202//36
f 7//39 202//36 547//35
f 7//39 194//40 554//11
f 729//41 728//712 201//27
f 8//42 201//27 550//26
f 8//42 189//43 549//18
f 200//17 726//16 729//41
f 291//44 596//207 284//45
f 9//46 284//45 562//47
f 9//46 209//48 561//49
f 211//50 595//208 291//44
f 292//51 598//212 286//52
f 10//53 286//52 557//54
f 10//53 204//55 556//56
f 213//57 597//213 292//51
f 293//58 600//217 288//59
f 11//60 288//59 559//61
f 11//60 206//62 558//63
f 215//64 599//218 293//58
f 294//65 595//208 211//50
f 12//66 211//50 561//49
f 12//66 208//67 560//68
f 217//69 601//221 294//65
f 295//70 597//213 213//57
f 13//71 213//57 556//56
f 13//71 203//72 555//73
f 218//74 602//224 295//70
f 284//45 596//207 296//75
f 296//75 602//224 218//74
f 14//76 218//74 555//73
f 14//76 210//77 562//47
f 297//78 599//218 215//64
f 15//79 215//64 558//63
f 15//79 205//80 557//54
f 286//52 598//212 297//78
f 298//81 601//221 217//69
f 16//82 217//69 560//68
f 16//82 207//83 559//61
f 288//59 600//217 298//81
f 17//84 180//84 540//84
f 17//84 179//84 539//84
f 17//84 186//84 546//84
f 17//84 185//84 545//84
f 17//84 184//84 544//84
f 17//84 183//84 543//84
f 17//84 182//84 542//84
f 17//84 181//84 541//84
f 207//83 560//68 228//85
f 18//86 228//85 568//87
f 18//86 223//88 567//89
f 227//90 559//61 207//83
f 209//48 562//47 230//91
f 19//92 230//91 570//93
f 19//92 225//94 569//95
f 229//96 561//49 209//48
f 204//55 557//54 232//97
f 20//98 232//97 565//99
f 20//98 220//100 564//101
f 231//102 556//56 204//55
f 206//62 559//61 227//90
f 21//103 227//90 567//89
f 21//103 222//104 566//105
f 233//106 558//63 206//62
f 208//67 561//49 229//96
f 22//107 229//96 569//95
f 22//107 224//108 568//87
f 228//85 560//68 208//67
f 203//72 556//56 231//102
f 23//109 231//102 564//101
f 23//109 219//110 563//111
f 234//112 555//73 203//72
f 230//91 562//47 210//77
f 210//77 555//73 234//112
f 24//113 234//112 563//111
f 24//113 226//114 570//93
f 205//80 558//63 233//106
f 25//115 233//106 566//105
f 25//115 221//116 565//99
f 232//97 557//54 205//80
f 224//108 569//95 244//117
f 26//118 244//117 577//119
f 26//118 240//120 576//121
f 243//122 568//87 224//108
f 219//110 564//101 246//123
f 27//124 246//123 572//125
f 27//124 235//126 571//127
f 245//128 563//111 219//110
f 247//129 570//93 226//114
f 226//114 563//111 245//128
f 28//130 245//128 571//127
f 28//130 242//131 578//132
f 221//116 566//105 249//133
f 29//134 249//133 574//135
f 29//134 237//136 573//137
f 248//138 565//99 221//116
f 223//88 568//87 243//122
f 30//139 243//122 576//121
f 30//139 239//140 575//141
f 250//142 567//89 223//88
f 225//94 570//93 247//129
f 31//143 247//129 578//132
f 31//143 241//144 577//119
f 244//117 569//95 225//94
f 220//100 565//99 248//138
f 32//145 248//138 573//137
f 32//145 236//146 572//125
f 246//123 564//101 220//100
f 222//104 567//89 250//142
f 33//147 250//142 575//141
f 33//147 238//148 574//135
f 249//133 566//105 222//104
f 275//149 588//183 268//150
f 268//150 586//236 257//152
f 257//152 585//240 259//153
f 259//153 587//184 275//149
f 276//154 590//188 270//155
f 270//155 581//242 252//157
f 252//157 580//246 261//158
f 261//158 589//189 276//154
f 277//159 592//193 272//160
f 272//160 583//234 254//162
f 254//162 582//250 263//163
f 263//163 591//194 277//159
f 278//164 587//184 259//153
f 259//153 585//240 256//166
f 256//166 584//230 265//167
f 265//167 593//197 278//164
f 279//168 589//189 261//158
f 261//158 580//246 251//170
f 251//170 579//256 266//171
f 266//171 594//200 279//168
f 268//150 588//183 280//172
f 280//172 594//200 266//171
f 266//171 579//256 258//174
f 258//174 586//236 268//150
f 281//175 591//194 263//163
f 263//163 582//250 253//177
f 253//177 581//242 270//155
f 270//155 590//188 281//175
f 282//178 593//197 265//167
f 265//167 584//230 255//180
f 255//180 583//234 272//160
f 272//160 592//193 282//178
f 241//144 578//132 260//181
f 42//182 260//181 588//183
f 42//182 275//149 587//184
f 267//185 577//119 241//144
f 236//146 573//137 262//186
f 43//187 262//186 590//188
f 43//187 276//154 589//189
f 269//190 572//125 236//146
f 238//148 575//141 264//191
f 44//192 264//191 592//193
f 44//192 277//159 591//194
f 271//195 574//135 238//148
f 240//120 577//119 267//185
f 45//196 267//185 587//184
f 45//196 278//164 593//197
f 273//198 576//121 240//120
f 235//126 572//125 269//190
f 46//199 269//190 589//189
f 46//199 279//168 594//200
f 274//201 571//127 235//126
f 260//181 578//132 242//131
f 242//131 571//127 274//201
f 47//202 274//201 594//200
f 47//202 280//172 588//183
f 237//136 574//135 271//195
f 48//203 271//195 591//194
f 48//203 281//175 590//188
f 262//186 573//137 237//136
f 239//140 576//121 273//198
f 49//204 273//198 593//197
f 49//204 282//178 592//193
f 264//191 575//141 239//140
f 193//12 554//11 212//205
f 50//206 212//205 596//207
f 50//206 291//44 595//208
f 283//209 553//13 193//12
f 188//19 549//18 214//210
f 51//211 214//210 598//212
f 51//211 292//51 597//213
f 285//214 548//20 188//19
f 190//25 551//6 216//215
f 52//216 216//215 600//217
f 52//216 293//58 599//218
f 287//219 550//26 190//25
f 192//31 553//13 283//209
f 53//220 283//209 595//208
f 53//220 294//65 601//221
f 289//222 552//4 192//31
f 187//34 548//20 285//214
f 54//223 285//214 597//213
f 54//223 295//70 602//224
f 290//225 547//35 187//34
f 212//205 554//11 194//40
f 194//40 547//35 290//225
f 55//226 290//225 602//224
f 55//226 296//75 596//207
f 189//43 550//26 287//219
f 56//227 287//219 599//218
f 56//227 297//78 598//212
f 214//210 549//18 189//43
f 191//5 552//4 289//222
f 57//228 289//222 601//221
f 57//228 298//81 600//217
f 216//215 551//6 191//5
f 58//229 255//180 584//230
f 308//231 608//278 303//232
f 303//232 607//284 307//233
f 58//229 307//233 583//234
f 59//235 257//152 586//236
f 310//237 610//262 305//238
f 305//238 609//289 309//239
f 59//235 309//239 585//240
f 60//241 252//157 581//242
f 312//243 605//276 300//244
f 300//244 604//294 311//245
f 60//241 311//245 580//246
f 61//247 254//162 583//234
f 307//233 607//284 302//248
f 302//248 606//270 313//249
f 61//247 313//249 582//250
f 62//251 256//166 585//240
f 309//239 609//289 304//252
f 304//252 608//278 308//231
f 62//251 308//231 584//230
f 63//253 251//170 580//246
f 311//245 604//294 299//254
f 299//254 603//263 314//255
f 63//253 314//255 579//256
f 64//257 310//237 586//236
f 64//257 258//174 579//256
f 314//255 603//263 306//258
f 306//258 610//262 310//237
f 65//259 253//177 582//250
f 313//249 606//270 301//260
f 301//260 605//276 312//243
f 65//259 312//243 581//242
f 66//261 324//268 610//262
f 66//261 306//258 603//263
f 66//261 323//264 611//265
f 66//261 322//266 618//267
f 67//269 301//260 606//270
f 67//269 326//271 614//272
f 67//269 317//273 613//274
f 67//269 325//275 605//276
f 68//277 303//232 608//278
f 68//277 328//279 616//280
f 68//277 319//281 615//282
f 68//277 327//283 607//284
f 69//285 305//238 610//262
f 69//285 324//268 618//267
f 69//285 321//286 617//287
f 69//285 329//288 609//289
f 70//290 300//244 605//276
f 70//290 325//275 613//274
f 70//290 316//291 612//292
f 70//290 330//293 604//294
f 71//295 302//248 607//284
f 71//295 327//283 615//282
f 71//295 318//296 614//272
f 71//295 326//271 606//270
f 72//297 304//252 609//289
f 72//297 329//288 617//287
f 72//297 320//298 616//280
f 72//297 328//279 608//278
f 73//299 299//254 604//294
f 73//299 330//293 612//292
f 73//299 315//300 611//265
f 73//299 323//264 603//263
f 318//296 615//282 340//301
f 74//302 340//301 623//303
f 74//302 334//304 622//305
f 339//306 614//272 318//296
f 320//298 617//287 342//307
f 75//308 342//307 625//309
f 75//308 336//310 624//311
f 341//312 616//280 320//298
f 315//300 612//292 344//313
f 76//314 344//313 620//315
f 76//314 331//316 619//317
f 343//318 611//265 315//300
f 345//319 618//267 322//266
f 322//266 611//265 343//318
f 77//320 343//318 619//317
f 77//320 338//321 626//322
f 317//273 614//272 339//306
f 78//323 339//306 622//305
f 78//323 333//324 621//325
f 346//326 613//274 317//273
f 319//281 616//280 341//312
f 79//327 341//312 624//311
f 79//327 335//328 623//303
f 340//301 615//282 319//281
f 321//286 618//267 345//319
f 80//329 345//319 626//322
f 80//329 337//330 625//309
f 342//307 617//287 321//286
f 316//291 613//274 346//326
f 81//331 346//326 621//325
f 81//331 332//332 620//315
f 344//313 612//292 316//291
f 332//332 621//325 356//333
f 82//334 356//333 629//335
f 82//334 348//336 628//337
f 355//338 620//315 332//332
f 334//304 623//303 358//339
f 83//340 358//339 631//341
f 83//340 350//342 630//343
f 357//344 622//305 334//304
f 336//310 625//309 360//345
f 84//346 360//345 633//347
f 84//346 352//348 632//349
f 359//350 624//311 336//310
f 331//316 620//315 355//338
f 85//351 355//338 628//337
f 85//351 347//352 627//353
f 361//354 619//317 331//316
f 362//355 626//322 338//321
f 338//321 619//317 361//354
f 86//356 361//354 627//353
f 86//356 354//357 634//358
f 333//324 622//305 357//344
f 87//359 357//344 630//343
f 87//359 349//360 629//335
f 356//333 621//325 333//324
f 335//328 624//311 359//350
f 88//361 359//350 632//349
f 88//361 351//362 631//341
f 358//339 623//303 335//328
f 337//330 626//322 362//355
f 89//363 362//355 634//358
f 89//363 353//364 633//347
f 360//345 625//309 337//330
f 349//360 630//343 372//365
f 90//366 372//365 638//367
f 90//366 365//368 637//369
f 371//370 629//335 349//360
f 351//362 632//349 374//371
f 91//372 374//371 640//373
f 91//372 367//374 639//375
f 373//376 631//341 351//362
f 353//364 634//358 376//377
f 92//378 376//377 642//379
f 92//378 369//380 641//381
f 375//382 633//347 353//364
f 348//336 629//335 371//370
f 93//383 371//370 637//369
f 93//383 364//384 636//385
f 377//386 628//337 348//336
f 350//342 631//341 373//376
f 94//387 373//376 639//375
f 94//387 366//388 638//367
f 372//365 630//343 350//342
f 352//348 633//347 375//382
f 95//389 375//382 641//381
f 95//389 368//390 640//373
f 374//371 632//349 352//348
f 347//352 628//337 377//386
f 96//391 377//386 636//385
f 96//391 363//392 635//393
f 378//394 627//353 347//352
f 376//377 634//358 354//357
f 354//357 627//353 378//394
f 97//395 378//394 635//393
f 97//395 370//396 642//379
f 366//388 639//375 388//397
f 388//397 647//426 382//399
f 382//399 646//442 387//400
f 387//400 638//367 366//388
f 368//390 641//381 390//401
f 390//401 649//432 384//403
f 384//403 648//422 389//404
f 389//404 640//373 368//390
f 363//392 636//385 392//405
f 392//405 644//438 379//407
f 379//407 643//448 391//408
f 391//408 635//393 363//392
f 393//409 642//379 370//396
f 370//396 635//393 391//408
f 391//408 643//448 386//411
f 386//411 650//428 393//409
f 365//368 638//367 387//400
f 387//400 646//442 381//413
f 381//413 645//434 394//414
f 394//414 637//369 365//368
f 367//374 640//373 389//404
f 389//404 648//422 383//416
f 383//416 647//426 388//397
f 388//397 639//375 367//374
f 369//380 642//379 393//409
f 393//409 650//428 385//418
f 385//418 649//432 390//401
f 390//401 641//381 369//380
f 364//384 637//369 394//414
f 394//414 645//434 380//420
f 380//420 644//438 392//405
f 392//405 636//385 364//384
f 106//421 383//416 648//422
f 404//423 656//460 399//424
f 399//424 655//486 403//425
f 106//421 403//425 647//426
f 107//427 385//418 650//428
f 406//429 658//470 401//430
f 401//430 657//454 405//431
f 107//427 405//431 649//432
f 108//433 380//420 645//434
f 408//435 653//481 396//436
f 396//436 652//462 407//437
f 108//433 407//437 644//438
f 109//439 382//399 647//426
f 403//425 655//486 398//440
f 398//440 654//475 409//441
f 109//439 409//441 646//442
f 110//443 384//403 649//432
f 405//431 657//454 400//444
f 400//444 656//460 404//423
f 110//443 404//423 648//422
f 111//445 379//407 644//438
f 407//437 652//462 395//446
f 395//446 651//468 410//447
f 111//445 410//447 643//448
f 112//449 406//429 650//428
f 112//449 386//411 643//448
f 410//447 651//468 402//450
f 402//450 658//470 406//429
f 113//451 381//413 646//442
f 409//441 654//475 397//452
f 397//452 653//481 408//435
f 113//451 408//435 645//434
f 114//453 400//444 657//454
f 114//453 420//455 665//456
f 114//453 416//457 664//458
f 114//453 419//459 656//460
f 115//461 395//446 652//462
f 115//461 422//463 660//464
f 115//461 411//465 659//466
f 115//461 421//467 651//468
f 116//469 423//473 658//470
f 116//469 402//450 651//468
f 116//469 421//467 659//466
f 116//469 418//471 666//472
f 117//474 397//452 654//475
f 117//474 425//476 662//477
f 117//474 413//478 661//479
f 117//474 424//480 653//481
f 118//482 399//424 656//460
f 118//482 419//459 664//458
f 118//482 415//483 663//484
f 118//482 426//485 655//486
f 119//487 401//430 658//470
f 119//487 423//473 666//472
f 119//487 417//488 665//456
f 119//487 420//455 657//454
f 120//489 396//436 653//481
f 120//489 424//480 661//479
f 120//489 412//490 660//464
f 120//489 422//463 652//462
f 121//491 398//440 655//486
f 121//491 426//485 663//484
f 121//491 414//492 662//477
f 121//491 425//476 654//475
f 417//488 666//472 436//493
f 122//494 436//493 674//495
f 122//494 433//496 673//497
f 435//498 665//456 417//488
f 412//490 661//479 438//499
f 123//500 438//499 669//501
f 123//500 428//502 668//503
f 437//504 660//464 412//490
f 414//492 663//484 440//505
f 124//506 440//505 671//507
f 124//506 430//508 670//509
f 439//510 662//477 414//492
f 416//457 665//456 435//498
f 125//511 435//498 673//497
f 125//511 432//512 672//513
f 441//514 664//458 416//457
f 411//465 660//464 437//504
f 126//515 437//504 668//503
f 126//515 427//516 667//517
f 442//518 659//466 411//465
f 436//493 666//472 418//471
f 418//471 659//466 442//518
f 127//519 442//518 667//517
f 127//519 434//520 674//495
f 413//478 662//477 439//510
f 128//521 439//510 670//509
f 128//521 429//522 669//501
f 438//499 661//479 413//478
f 415//483 664//458 441//514
f 129//523 441//514 672//513
f 129//523 431//524 671//507
f 440//505 663//484 415//483
f 130//525 452//528 674//495
f 130//525 434//520 667//517
f 451//526 675//566 450//527
f 450//527 682//568 452//528
f 131//529 429//522 670//509
f 454//530 678//554 445//531
f 445//531 677//574 453//532
f 131//529 453//532 669//501
f 132//533 431//524 672//513
f 456//534 680//560 447//535
f 447//535 679//550 455//536
f 132//533 455//536 671//507
f 133//537 433//496 674//495
f 452//528 682//568 449//538
f 449//538 681//556 457//539
f 133//537 457//539 673//497
f 134//540 428//502 669//501
f 453//532 677//574 444//541
f 444//541 676//562 458//542
f 134//540 458//542 668//503
f 135//543 430//508 671//507
f 455//536 679//550 446//544
f 446//544 678//554 454//530
f 135//543 454//530 670//509
f 136//545 432//512 673//497
f 457//539 681//556 448//546
f 448//546 680//560 456//534
f 136//545 456//534 672//513
f 137//547 427//516 668//503
f 458//542 676//562 443//548
f 443//548 675//566 451//526
f 137//547 451//526 667//517
f 138//549 446//544 679//550
f 468//551 687//713 462//552
f 462//552 686//714 467//553
f 138//549 467//553 678//554
f 139//555 448//546 681//556
f 470//557 689//715 464//558
f 464//558 688//716 469//559
f 139//555 469//559 680//560
f 140//561 443//548 676//562
f 472//563 684//717 459//564
f 459//564 683//718 471//565
f 140//561 471//565 675//566
f 141//567 473//570 682//568
f 141//567 450//527 675//566
f 471//565 683//718 466//569
f 466//569 690//719 473//570
f 142//571 445//531 678//554
f 467//553 686//714 461//572
f 461//572 685//720 474//573
f 142//571 474//573 677//574
f 143//575 447//535 680//560
f 469//559 688//716 463//576
f 463//576 687//713 468//551
f 143//575 468//551 679//550
f 144//577 449//538 682//568
f 473//570 690//719 465//578
f 465//578 689//715 470//557
f 144//577 470//557 681//556
f 145//579 444//541 677//574
f 474//573 685//720 460//580
f 460//580 684//717 472//563
f 145//579 472//563 676//562
f 465//578 690//719 484//581
f 146//582 484//581 752//583
f 146//582 753//584 750//585
f 483//586 689//715 465//578
f 460//580 685//720 486//587
f 147//588 486//587 742//587
f 147//588 743//588 739//589
f 485//589 684//717 460//580
f 462//552 687//713 488//590
f 148//591 488//590 746//590
f 148//591 747//591 744//592
f 487//592 686//714 462//552
f 464//558 689//715 483//586
f 149//593 483//586 750//585
f 149//593 751//593 748//594
f 489//594 688//716 464//558
f 459//564 684//717 485//589
f 150//595 485//589 739//589
f 150//595 740//596 741//597
f 490//598 683//718 459//564
f 484//581 690//719 466//569
f 466//569 683//718 490//598
f 151//599 490//598 741//597
f 151//599 754//600 752//583
f 461//572 686//714 487//592
f 152//601 487//592 744//592
f 152//601 745//601 742//587
f 486//587 685//720 461//572
f 463//576 688//716 489//594
f 153//602 489//594 748//594
f 153//602 749//602 746//590
f 488//590 687//713 463//576
f 481//603 698//721 500//604
f 154//605 500//604 706//606
f 154//605 497//607 705//608
f 499//609 697//722 481//603
f 476//610 693//723 502//611
f 155//612 502//611 701//613
f 155//612 492//614 700//615
f 501//616 692//724 476//610
f 478//617 695//725 504//618
f 156//619 504//618 703//620
f 156//619 494//621 702//622
f 503//623 694//726 478//617
f 480//624 697//722 499//609
f 157//625 499//609 705//608
f 157//625 496//626 704//627
f 505//628 696//727 480//624
f 475//629 692//724 501//616
f 158//630 501//616 700//615
f 158//630 491//631 699//632
f 506//633 691//728 475//629
f 500//604 698//721 482//634
f 482//634 691//728 506//633
f 159//635 506//633 699//632
f 159//635 498//636 706//606
f 477//637 694//726 503//623
f 160//638 503//623 702//622
f 160//638 493//639 701//613
f 502//611 693//723 477//637
f 479//640 696//727 505//628
f 161//641 505//628 704//627
f 161//641 495//642 703//620
f 504//618 695//725 479//640
f 494//621 703//620 516//643
f 162//644 516//643 711//645
f 162//644 510//646 710//647
f 515//648 702//622 494//621
f 496//626 705//608 518//649
f 163//650 518//649 713//651
f 163//650 512//652 712//653
f 517//654 704//627 496//626
f 491//631 700//615 520//655
f 164//656 520//655 708//657
f 164//656 507//658 707//659
f 519//660 699//632 491//631
f 521//661 706//606 498//636
f 498//636 699//632 519//660
f 165//662 519//660 707//659
f 165//662 514//663 714//664
f 493//639 702//622 515//648
f 166//665 515//648 710//647
f 166//665 509//666 709//667
f 522//668 701//613 493//639
f 495//642 704//627 517//654
f 167//669 517//654 712//653
f 167//669 511//670 711//645
f 516//643 703//620 495//642
f 497//607 706//606 521//661
f 168//671 521//661 714//664
f 168//671 513//672 713//651
f 518//649 705//608 497//607
f 492//614 701//613 522//668
f 169//673 522//668 709//667
f 169//673 508//674 708//657
f 520//655 700//615 492//614
f 511//670 712//653 532//675
f 170//676 532//675 720//677
f 170//676 527//678 719//679
f 531//680 711//645 511//670
f 513//672 714//664 534//681
f 171//682 534//681 722//683
f 171//682 529//684 721//685
f 533//686 713//651 513//672
f 508//674 709//667 536//687
f 172//688 536//687 717//689
f 172//688 524//690 716//691
f 535//692 708//657 508//674
f 510//646 711//645 531//680
f 173//693 531//680 719//679
f 173//693 526//694 718//695
f 537//696 710//647 510//646
f 512//652 713//651 533//686
f 174//697 533//686 721//685
f 174//697 528//698 720//677
f 532//675 712//653 512//652
f 507//658 708//657 535//692
f 175//699 535//692 716//691
f 175//699 523//700 715//701
f 538//702 707//659 507//658
f 534//681 714//664 514//663
f 514//663 707//659 538//702
f 176//703 538//702 715//701
f 176//703 530//704 722//683
f 509//666 710//647 537//696
f 177//705 537//696 718//695
f 177//705 525//706 717//689
f 536//687 709//667 509//666
f 524//690 717//689 525//706
f 525//706 718//695 526//694
f 526//694 719//679 527//678
f 527//678 720//677 528//698
f 528//698 721//685 529//684
f 529//684 722//683 530//704
f 530//704 715//701 523//700
f 523//700 716//691 524//690
